,team,season,actual_win_pct,expected_win_pct
0,Brown,2010,0.29545454545454547,0.3719047294300412
1,Brown,2011,0.30952380952380953,0.3047917276299505
2,Brown,2012,0.20454545454545456,0.33572795942505934
3,Brown,2013,0.175,0.27595234465761553
4,Brown,2014,0.35135135135135137,0.40180904771732623
5,Brown,2015,0.28205128205128205,0.3042703393981224
6,Brown,2016,0.38461538461538464,0.365515758375833
7,Brown,2017,0.35135135135135137,0.4524271723444321
8,Brown,2018,0.2972972972972973,0.39677509782852316
9,Brown,2019,0.3076923076923077,0.328467507831022
10,Brown,2020,0.25,0.342647199098835
11,Columbia,2010,0.5531914893617021,0.5169537693906753
12,Columbia,2011,0.4318181818181818,0.5345942945533815
13,Columbia,2012,0.4666666666666667,0.5449197321816881
14,Columbia,2013,0.5714285714285714,0.5617967261090456
15,Columbia,2014,0.5918367346938775,0.5672205982797175
16,Columbia,2015,0.6666666666666666,0.614827150427657
17,Columbia,2016,0.4146341463414634,0.4031013194154321
18,Columbia,2017,0.43902439024390244,0.4934436820921183
19,Columbia,2018,0.4,0.3911856205853114
20,Columbia,2019,0.4523809523809524,0.44088732719443874
21,Columbia,2020,0.125,0.20678806818245105
22,Cornell,2010,0.47368421052631576,0.4370047172182088
23,Cornell,2011,0.25,0.3626787658008129
24,Cornell,2012,0.6458333333333334,0.6166295754428223
25,Cornell,2013,0.575,0.5165667683857634
26,Cornell,2014,0.46153846153846156,0.5
27,Cornell,2015,0.325,0.37754323468058787
28,Cornell,2016,0.3684210526315789,0.3442321332611913
29,Cornell,2017,0.5526315789473685,0.5712167391212515
30,Cornell,2018,0.3888888888888889,0.44177972928329834
31,Cornell,2019,0.3684210526315789,0.34436604411541716
32,Cornell,2020,0.1111111111111111,0.2218081825604015
33,Dartmouth,2010,0.5869565217391305,0.5483808491838986
34,Dartmouth,2011,0.7142857142857143,0.7104356712052535
35,Dartmouth,2012,0.5714285714285714,0.5972728242896944
36,Dartmouth,2013,0.7804878048780488,0.7949603113263058
37,Dartmouth,2014,0.46153846153846156,0.44523392781900323
38,Dartmouth,2015,0.4883720930232558,0.44488546434213055
39,Dartmouth,2016,0.4186046511627907,0.40652884783272725
40,Dartmouth,2017,0.5641025641025641,0.5680799097412529
41,Dartmouth,2018,0.4358974358974359,0.44888136758801966
42,Dartmouth,2019,0.36585365853658536,0.3845850113172073
43,Dartmouth,2020,0.2857142857142857,0.28273949538517246
44,Harvard,2010,0.3953488372093023,0.3444635073445982
45,Harvard,2011,0.2,0.27148537192117767
46,Harvard,2012,0.2857142857142857,0.33380500899671767
47,Harvard,2013,0.24390243902439024,0.25326984794284935
48,Harvard,2014,0.28205128205128205,0.3796692673100816
49,Harvard,2015,0.42857142857142855,0.4879740053224977
50,Harvard,2016,0.4146341463414634,0.46336222921613485
51,Harvard,2017,0.4523809523809524,0.48790203170109453
52,Harvard,2018,0.5238095238095238,0.47948344539255056
53,Harvard,2019,0.627906976744186,0.5380688867383977
54,Harvard,2020,0.16666666666666666,0.1711646960640453
55,Pennsylvania,2010,0.5121951219512195,0.6000664703988031
56,Pennsylvania,2011,0.475,0.5272962894934341
57,Pennsylvania,2012,0.425,0.37871511398874536
58,Pennsylvania,2013,0.5116279069767442,0.509595399386481
59,Pennsylvania,2014,0.5853658536585366,0.6196587037067113
60,Pennsylvania,2015,0.5945945945945946,0.6398616371260807
61,Pennsylvania,2016,0.4634146341463415,0.5280370602246107
62,Pennsylvania,2017,0.5111111111111111,0.5073296627809623
63,Pennsylvania,2018,0.3902439024390244,0.45804321302780243
64,Pennsylvania,2019,0.5609756097560976,0.6814903329735011
65,Pennsylvania,2020,0.375,0.5617094098706532
66,Princeton,2010,0.2857142857142857,0.28489005161295167
67,Princeton,2011,0.48936170212765956,0.45396060736692606
68,Princeton,2012,0.5128205128205128,0.5536770204630043
69,Princeton,2013,0.3333333333333333,0.37851698869657086
70,Princeton,2014,0.35,0.34096413827884653
71,Princeton,2015,0.1794871794871795,0.23539792280247931
72,Princeton,2016,0.5333333333333333,0.5567331952958723
73,Princeton,2017,0.3,0.28866103291276807
74,Princeton,2018,0.2702702702702703,0.28245026425840203
75,Princeton,2019,0.35,0.37943541742898185
76,Princeton,2020,0.0,0.09842608104490522
77,Yale,2010,0.4883720930232558,0.5660566666720112
78,Yale,2011,0.5476190476190477,0.5255546918587177
79,Yale,2012,0.29545454545454547,0.3382652262682675
80,Yale,2013,0.34210526315789475,0.3719555018491886
81,Yale,2014,0.4634146341463415,0.3758842658675624
82,Yale,2015,0.39473684210526316,0.3072429332669003
83,Yale,2016,0.40425531914893614,0.3831644637163977
84,Yale,2017,0.6538461538461539,0.5695422102853057
85,Yale,2018,0.5116279069767442,0.5593471540230653
86,Yale,2019,0.43902439024390244,0.4933518574710534
87,Yale,2020,0.3,0.48090907705084535
