,uuid,player_id,player_name,jersey_number,season,class_year,position,GP,GS,BA,OBPct,SlgPct,R,AB,H,2B,3B,TB,HR,RBI,BB,HBP,SF,SH,K,DP,CS,Picked,SB,RBI2out,player_url,PA,1B,BABIP,lgwOBA,wOBAScale,wBB,wHBP,w1B,w2B,w3B,wHR,lgR/PA,RPG,wOBA,wRAA,wRC
57,1652421_2016_b,1652421,"Le Dorze, Pierre",40,2016,So,OF,5,0.0,0.0,0.0,0.0,0.0,1.0,0.0,0.0,0.0,0.0,0.0,0.0,0.0,0.0,0.0,0.0,1.0,0.0,0.0,0.0,0.0,0.0,http://stats.ncaa.org/player/index?game_sport_year_ctl_id=12360&stats_player_seq=1652421,1.0,0.0,,0.348,1.102,0.7854,0.7966,0.9524,1.3127,1.7083,1.96578,0.139,5.536,1.7083,1.2343920145190561,1.3733920145190561
59,1779077_2016_b,1779077,"Rainville, Marlon",4,2016,Sr,OF,4,0.0,0.0,0.0,0.0,1.0,1.0,0.0,0.0,0.0,0.0,0.0,0.0,0.0,0.0,0.0,0.0,1.0,0.0,1.0,0.0,0.0,0.0,http://stats.ncaa.org/player/index?game_sport_year_ctl_id=12360&stats_player_seq=1779077,1.0,0.0,,0.348,1.102,0.7854,0.7966,0.9524,1.3127,1.7083,1.96578,0.139,5.536,1.7083,1.2343920145190561,1.3733920145190561
45,1547000_2016_b,1547000,"Willittes, Tim",29,2016,Jr,P,13,9.0,0.0,0.0,0.0,0.0,1.0,0.0,0.0,0.0,0.0,0.0,0.0,0.0,0.0,0.0,0.0,0.0,0.0,0.0,0.0,0.0,0.0,http://stats.ncaa.org/player/index?game_sport_year_ctl_id=12360&stats_player_seq=1547000,1.0,0.0,0.0,0.348,1.102,0.7854,0.7966,0.9524,1.3127,1.7083,1.96578,0.139,5.536,1.7083,1.2343920145190561,1.3733920145190561
119,1884385_2018_b,1884385,"Carnegie, Alex",3,2018,So,INF,1,1.0,0.0,0.0,0.0,0.0,1.0,0.0,0.0,0.0,0.0,0.0,0.0,0.0,0.0,0.0,0.0,1.0,0.0,0.0,0.0,0.0,0.0,http://stats.ncaa.org/player/index?game_sport_year_ctl_id=12973&stats_player_seq=1884385,1.0,0.0,,0.354,1.075,0.79647,0.81863,0.94821,1.31856,1.62259,1.93642,0.141,5.626,1.62259,1.1800837209302326,1.3210837209302326
162,2111747_2020_b,2111747,"Rodriguez, Diobel",23,2020,Sr,C,3,2.0,0.286,0.444,0.286,0.0,7.0,2.0,0.0,0.0,2.0,0.0,1.0,2.0,0.0,0.0,0.0,0.0,1.0,0.0,0.0,0.0,0.0,http://stats.ncaa.org/player/index?game_sport_year_ctl_id=15204&org_id=167&stats_player_seq=2111747,9.0,2.0,0.2857142857142857,0.346,1.095,0.79689,0.81968,0.97083,1.28144,1.65008,2.0367,0.139,5.535,0.576168888888889,1.8917990867579917,3.1427990867579916
14,1652421_2015_b,1652421,"Le Dorze, Pierre",40,2015,Fr,OF,13,4.0,0.368,0.5,0.684,5.0,19.0,7.0,1.0,1.0,0.0,1.0,4.0,4.0,1.0,0.0,0.0,6.0,0.0,0.0,0.0,0.0,0.0,http://stats.ncaa.org/player/index?game_sport_year_ctl_id=12080&stats_player_seq=1652421,24.0,4.0,0.5,0.349,1.105,0.79783,0.82336,0.95064,1.32426,1.64098,1.9648,0.137,5.425,0.5728033333333333,4.8608868778280545,8.148886877828055
24,1652418_2015_b,1652418,"Recto, Eason",30,2015,Fr,OF,6,0.0,0.0,0.0,0.0,2.0,3.0,0.0,0.0,0.0,0.0,0.0,0.0,0.0,0.0,0.0,0.0,2.0,0.0,0.0,0.0,0.0,0.0,http://stats.ncaa.org/player/index?game_sport_year_ctl_id=12080&stats_player_seq=1652418,3.0,0.0,0.0,0.349,1.105,0.79783,0.82336,0.95064,1.32426,1.64098,1.9648,0.137,5.425,0.5469933333333333,0.5375384615384616,0.9485384615384616
87,1779087_2017_b,1779087,"Price, C.J.",3,2017,Sr,C,3,1.0,0.167,0.375,0.167,2.0,6.0,1.0,0.0,0.0,1.0,0.0,1.0,0.0,2.0,0.0,0.0,2.0,0.0,0.0,0.0,0.0,0.0,http://stats.ncaa.org/player/index?game_sport_year_ctl_id=12560&stats_player_seq=1779087,8.0,1.0,0.25,0.351,1.092,0.77729,0.79205,0.94322,1.30842,1.70758,1.95513,0.143,5.694,0.5293625,1.3066849816849815,2.450684981684981
70,1652396_2017_b,1652396,"Wickham, Dale",5,2017,Jr,OF,25,25.0,0.406,0.482,0.531,25.0,96.0,39.0,12.0,0.0,51.0,0.0,17.0,10.0,4.0,0.0,0.0,13.0,2.0,1.0,0.0,4.0,0.0,http://stats.ncaa.org/player/index?game_sport_year_ctl_id=12560&stats_player_seq=1652396,110.0,27.0,0.46987951807228917,0.351,1.092,0.77729,0.79205,0.94322,1.30842,1.70758,1.95513,0.143,5.694,0.48924236363636364,13.925512820512823,29.65551282051282
147,1884384_2019_b,1884384,"Lepper, Kaleb",19,2019,Jr,OF,2,2.0,0.0,0.2,0.0,1.0,4.0,0.0,0.0,0.0,0.0,0.0,0.0,1.0,0.0,0.0,0.0,3.0,0.0,0.0,0.0,0.0,0.0,http://stats.ncaa.org/player/index?game_sport_year_ctl_id=14781&stats_player_seq=1884384,5.0,0.0,0.0,0.355,1.045,0.80637,0.82853,0.94698,1.29146,1.60941,1.89128,0.145,5.838,0.483156,0.6131866028708134,1.3381866028708134
56,1652419_2016_b,1652419,"Baur, Trey",35,2016,So,INF,6,1.0,0.143,0.25,0.286,1.0,7.0,1.0,1.0,0.0,0.0,0.0,0.0,0.0,1.0,0.0,0.0,3.0,0.0,0.0,0.0,0.0,0.0,http://stats.ncaa.org/player/index?game_sport_year_ctl_id=12360&stats_player_seq=1652419,8.0,0.0,0.25,0.348,1.102,0.7854,0.7966,0.9524,1.3127,1.7083,1.96578,0.139,5.536,0.4772,0.9379310344827588,2.049931034482759
71,1779085_2017_b,1779085,"Simoneit, Will",33,2017,So,C,24,22.0,0.317,0.391,0.61,16.0,82.0,26.0,9.0,0.0,50.0,5.0,28.0,7.0,3.0,0.0,0.0,14.0,3.0,0.0,0.0,1.0,0.0,http://stats.ncaa.org/player/index?game_sport_year_ctl_id=12560&stats_player_seq=1779085,92.0,12.0,0.3333333333333333,0.351,1.092,0.77729,0.79205,0.94322,1.30842,1.70758,1.95513,0.143,5.694,0.4608133695652174,9.251675824175825,22.407675824175826
64,1884383_2017_b,1884383,"Krainz, Ryan",12,2017,Jr,INF,38,38.0,0.369,0.478,0.454,26.0,130.0,48.0,9.0,1.0,59.0,0.0,10.0,28.0,1.0,2.0,1.0,16.0,4.0,5.0,0.0,7.0,0.0,http://stats.ncaa.org/player/index?game_sport_year_ctl_id=12560&stats_player_seq=1884383,162.0,38.0,0.41379310344827586,0.351,1.092,0.77729,0.79205,0.94322,1.30842,1.70758,1.95513,0.143,5.694,0.4498882098765432,14.67022893772894,37.83622893772893
158,1997325_2020_b,1997325,"Binnie, Nicholas",2,2020,Jr,OF,5,3.0,0.286,0.267,0.5,3.0,14.0,4.0,0.0,0.0,7.0,1.0,3.0,0.0,0.0,1.0,0.0,2.0,0.0,0.0,0.0,0.0,0.0,http://stats.ncaa.org/player/index?game_sport_year_ctl_id=15204&org_id=167&stats_player_seq=1997325,15.0,3.0,0.25,0.346,1.095,0.79689,0.81968,0.97083,1.28144,1.65008,2.0367,0.139,5.535,0.43995133333333336,1.2870045662100464,3.372004566210047
96,1652396_2018_b,1652396,"Wickham, Dale",5,2018,Sr,OF,36,35.0,0.27,0.432,0.475,27.0,122.0,33.0,8.0,1.0,58.0,5.0,31.0,25.0,12.0,3.0,0.0,26.0,1.0,0.0,0.0,0.0,0.0,http://stats.ncaa.org/player/index?game_sport_year_ctl_id=12973&stats_player_seq=1652396,162.0,19.0,0.2978723404255319,0.354,1.075,0.79647,0.81863,0.94821,1.31856,1.62259,1.93642,0.141,5.626,0.4358300617283951,12.33160000000001,35.17360000000001
40,1547005_2016_b,1547005,"Wagner, Tommy",15,2016,Jr,INF,23,23.0,0.341,0.429,0.471,12.0,85.0,29.0,5.0,0.0,0.0,2.0,11.0,10.0,3.0,0.0,2.0,7.0,3.0,0.0,0.0,3.0,0.0,http://stats.ncaa.org/player/index?game_sport_year_ctl_id=12360&stats_player_seq=1547005,100.0,22.0,0.35526315789473684,0.348,1.102,0.7854,0.7966,0.9524,1.3127,1.7083,1.96578,0.139,5.536,0.4339996,7.803956442831216,21.703956442831217
66,1652421_2017_b,1652421,"Le Dorze, Pierre",40,2017,Jr,OF,32,28.0,0.324,0.4,0.52,22.0,102.0,33.0,10.0,2.0,53.0,2.0,16.0,8.0,5.0,0.0,0.0,25.0,3.0,2.0,0.0,2.0,0.0,http://stats.ncaa.org/player/index?game_sport_year_ctl_id=12560&stats_player_seq=1652421,115.0,19.0,0.41333333333333333,0.351,1.092,0.77729,0.79205,0.94322,1.30842,1.70758,1.95513,0.143,5.694,0.4243633913043478,7.725998168498168,24.170998168498166
145,2111763_2019_b,2111763,"Charles, Anthony",41,2019,Jr,OF,4,1.0,0.167,0.25,0.167,1.0,6.0,1.0,0.0,0.0,1.0,0.0,2.0,0.0,1.0,1.0,0.0,2.0,0.0,0.0,0.0,0.0,0.0,http://stats.ncaa.org/player/index?game_sport_year_ctl_id=14781&stats_player_seq=2111763,8.0,1.0,0.2,0.355,1.045,0.80637,0.82853,0.94698,1.29146,1.60941,1.89128,0.145,5.838,0.423115,0.5214545454545457,1.6814545454545455
67,1779086_2017_b,1779086,"Rutherford, Cole",36,2017,Sr,1B,31,30.0,0.31,0.367,0.56,24.0,116.0,36.0,6.0,1.0,65.0,7.0,33.0,10.0,1.0,1.0,0.0,29.0,5.0,0.0,0.0,0.0,0.0,http://stats.ncaa.org/player/index?game_sport_year_ctl_id=12560&stats_player_seq=1779086,128.0,22.0,0.35802469135802467,0.351,1.092,0.77729,0.79205,0.94322,1.30842,1.70758,1.95513,0.143,5.694,0.41843593749999997,7.904578754578752,26.208578754578753
130,1779079_2019_b,1779079,"Saks, Adam",13,2019,Sr,P,26,26.0,0.337,0.414,0.515,13.0,101.0,34.0,9.0,3.0,52.0,1.0,11.0,14.0,0.0,1.0,4.0,11.0,1.0,4.0,0.0,1.0,0.0,http://stats.ncaa.org/player/index?game_sport_year_ctl_id=14781&stats_player_seq=1779079,120.0,21.0,0.36666666666666664,0.355,1.045,0.80637,0.82853,0.94698,1.29146,1.60941,1.89128,0.145,5.838,0.4108299166666667,6.411090909090913,23.81109090909091
92,1884386_2018_b,1884386,"Gallagher, Kyle",27,2018,Sr,OF,37,37.0,0.273,0.415,0.381,29.0,139.0,38.0,10.0,1.0,53.0,1.0,22.0,35.0,0.0,2.0,0.0,29.0,2.0,2.0,0.0,4.0,0.0,http://stats.ncaa.org/player/index?game_sport_year_ctl_id=12973&stats_player_seq=1884386,176.0,26.0,0.3333333333333333,0.354,1.075,0.79647,0.81863,0.94821,1.31856,1.62259,1.93642,0.141,5.626,0.3992870454545454,7.414437209302321,32.230437209302316
153,2347189_2020_b,2347189,"Guy, Wils",41,2020,Fr,OF,9,9.0,0.294,0.368,0.353,3.0,34.0,10.0,2.0,0.0,12.0,0.0,4.0,4.0,0.0,0.0,0.0,7.0,0.0,1.0,0.0,0.0,0.0,http://stats.ncaa.org/player/index?game_sport_year_ctl_id=15204&org_id=167&stats_player_seq=2347189,38.0,8.0,0.37037037037037035,0.346,1.095,0.79689,0.81968,0.97083,1.28144,1.65008,2.0367,0.139,5.535,0.39913578947368417,1.8439817351598167,7.125981735159817
122,1779085_2019_b,1779085,"Simoneit, Will",33,2019,Sr,C,38,37.0,0.299,0.357,0.493,17.0,144.0,43.0,10.0,0.0,71.0,6.0,19.0,8.0,5.0,0.0,0.0,13.0,6.0,0.0,0.0,6.0,0.0,http://stats.ncaa.org/player/index?game_sport_year_ctl_id=14781&stats_player_seq=1779085,157.0,27.0,0.296,0.355,1.045,0.80637,0.82853,0.94698,1.29146,1.60941,1.89128,0.145,5.838,0.39511949044585987,6.027521531100481,28.792521531100476
33,1779086_2016_b,1779086,"Rutherford, Cole",36,2016,Jr,1B,37,37.0,0.276,0.359,0.512,15.0,127.0,35.0,8.0,2.0,0.0,6.0,26.0,14.0,3.0,1.0,1.0,24.0,2.0,0.0,0.0,1.0,0.0,http://stats.ncaa.org/player/index?game_sport_year_ctl_id=12360&stats_player_seq=1779086,146.0,19.0,0.29591836734693877,0.348,1.102,0.7854,0.7966,0.9524,1.3127,1.7083,1.96578,0.139,5.536,0.3937368493150685,6.059509981851187,26.353509981851186
68,1652397_2017_b,1652397,"Bitar, Ellis",2,2017,Jr,C,29,28.0,0.284,0.398,0.441,15.0,102.0,29.0,4.0,3.0,45.0,2.0,18.0,12.0,8.0,1.0,0.0,25.0,2.0,3.0,0.0,3.0,0.0,http://stats.ncaa.org/player/index?game_sport_year_ctl_id=12560&stats_player_seq=1652397,123.0,20.0,0.35526315789473684,0.351,1.092,0.77729,0.79205,0.94322,1.30842,1.70758,1.95513,0.143,5.694,0.3933317073170732,4.768131868131871,22.357131868131866
62,1546995_2017_b,1546995,"Padulo, Frankie",8,2017,Sr,INF,38,38.0,0.293,0.397,0.431,24.0,116.0,34.0,6.0,2.0,50.0,2.0,21.0,19.0,3.0,3.0,1.0,19.0,4.0,2.0,0.0,4.0,0.0,http://stats.ncaa.org/player/index?game_sport_year_ctl_id=12560&stats_player_seq=1546995,142.0,24.0,0.32653061224489793,0.351,1.092,0.77729,0.79205,0.94322,1.30842,1.70758,1.95513,0.143,5.694,0.3890866197183098,4.952655677655676,25.25865567765567
65,1652419_2017_b,1652419,"Baur, Trey",35,2017,Jr,INF,35,33.0,0.301,0.389,0.389,19.0,113.0,34.0,7.0,0.0,44.0,1.0,18.0,14.0,3.0,1.0,0.0,25.0,1.0,0.0,0.0,1.0,0.0,http://stats.ncaa.org/player/index?game_sport_year_ctl_id=12560&stats_player_seq=1652419,131.0,26.0,0.375,0.351,1.092,0.77729,0.79205,0.94322,1.30842,1.70758,1.95513,0.143,5.694,0.38628687022900765,4.233131868131873,22.96613186813187
95,1652397_2018_b,1652397,"Bitar, Ellis",2,2018,Sr,C,36,36.0,0.266,0.375,0.42,26.0,143.0,38.0,8.0,1.0,60.0,4.0,28.0,17.0,8.0,0.0,0.0,35.0,4.0,0.0,0.0,6.0,0.0,http://stats.ncaa.org/player/index?game_sport_year_ctl_id=12973&stats_player_seq=1652397,168.0,25.0,0.3269230769230769,0.354,1.075,0.79647,0.81863,0.94821,1.31856,1.62259,1.93642,0.141,5.626,0.38518470238095237,4.873516279069769,28.561516279069767
94,1779085_2018_b,1779085,"Simoneit, Will",33,2018,Jr,C,37,37.0,0.308,0.38,0.406,17.0,143.0,44.0,8.0,0.0,58.0,2.0,27.0,13.0,6.0,4.0,0.0,23.0,0.0,2.0,0.0,7.0,0.0,http://stats.ncaa.org/player/index?game_sport_year_ctl_id=12973&stats_player_seq=1779085,166.0,34.0,0.3442622950819672,0.354,1.075,0.79647,0.81863,0.94821,1.31856,1.62259,1.93642,0.141,5.626,0.38282493975903614,4.451106976744189,27.857106976744184
31,1652396_2016_b,1652396,"Wickham, Dale",19,2016,So,OF,38,38.0,0.29,0.351,0.507,24.0,138.0,40.0,9.0,3.0,0.0,5.0,21.0,10.0,3.0,0.0,2.0,20.0,4.0,2.0,0.0,5.0,0.0,http://stats.ncaa.org/player/index?game_sport_year_ctl_id=12360&stats_player_seq=1652396,153.0,23.0,0.30973451327433627,0.348,1.102,0.7854,0.7966,0.9524,1.3127,1.7083,1.96578,0.139,5.536,0.3823562091503268,4.769963702359351,26.036963702359355
100,1652419_2018_b,1652419,"Baur, Trey",35,2018,Sr,INF,26,22.0,0.284,0.363,0.407,11.0,81.0,23.0,7.0,0.0,33.0,1.0,10.0,7.0,3.0,0.0,1.0,24.0,3.0,0.0,0.0,3.0,0.0,http://stats.ncaa.org/player/index?game_sport_year_ctl_id=12973&stats_player_seq=1652419,92.0,15.0,0.39285714285714285,0.354,1.075,0.79647,0.81863,0.94821,1.31856,1.62259,1.93642,0.141,5.626,0.38090499999999994,2.3025674418604614,15.27456744186046
106,1997347_2018_b,1997347,"Matton, Kalani",32,2018,Fr,INF,16,10.0,0.256,0.319,0.419,8.0,43.0,11.0,1.0,0.0,18.0,2.0,7.0,3.0,1.0,0.0,0.0,9.0,0.0,2.0,0.0,1.0,0.0,http://stats.ncaa.org/player/index?game_sport_year_ctl_id=12973&stats_player_seq=1997347,47.0,8.0,0.28125,0.354,1.075,0.79647,0.81863,0.94821,1.31856,1.62259,1.93642,0.141,5.626,0.3746321276595745,0.9020558139534901,7.52905581395349
82,1884388_2017_b,1884388,"Collins, Matt",30,2017,Fr,INF,9,3.0,0.083,0.214,0.333,3.0,12.0,1.0,0.0,0.0,4.0,1.0,2.0,2.0,0.0,0.0,0.0,5.0,0.0,1.0,0.0,0.0,0.0,http://stats.ncaa.org/player/index?game_sport_year_ctl_id=12560&stats_player_seq=1884388,14.0,0.0,0.0,0.351,1.092,0.77729,0.79205,0.94322,1.30842,1.70758,1.95513,0.143,5.694,0.3726635714285714,0.2777380952380955,2.2797380952380952
1,1324528_2015_b,1324528,"Tatum, Kevin",2,2015,Sr,OF,40,40.0,0.302,0.377,0.374,17.0,139.0,42.0,7.0,0.0,0.0,1.0,26.0,17.0,1.0,2.0,1.0,27.0,3.0,0.0,0.0,0.0,0.0,http://stats.ncaa.org/player/index?game_sport_year_ctl_id=12080&stats_player_seq=1324528,160.0,34.0,0.36283185840707965,0.349,1.105,0.79783,0.82336,0.95064,1.32426,1.64098,1.9648,0.137,5.425,0.37239893749999997,3.3880814479638,25.3080814479638
93,1884383_2018_b,1884383,"Krainz, Ryan",12,2018,Sr,INF,37,37.0,0.31,0.389,0.348,29.0,158.0,49.0,4.0,1.0,55.0,0.0,15.0,21.0,0.0,1.0,0.0,28.0,1.0,3.0,0.0,11.0,0.0,http://stats.ncaa.org/player/index?game_sport_year_ctl_id=12973&stats_player_seq=1884383,180.0,44.0,0.37404580152671757,0.354,1.075,0.79647,0.81863,0.94821,1.31856,1.62259,1.93642,0.141,5.626,0.36857744444444446,2.4408744186046567,27.820874418604653
132,2111707_2019_b,2111707,"Lillios, Nikolas",1,2019,Fr,P,15,5.0,0.176,0.318,0.235,5.0,17.0,3.0,1.0,0.0,4.0,0.0,3.0,3.0,1.0,1.0,0.0,0.0,0.0,0.0,0.0,0.0,0.0,http://stats.ncaa.org/player/index?game_sport_year_ctl_id=14781&stats_player_seq=2111707,22.0,2.0,0.16666666666666666,0.355,1.045,0.80637,0.82853,0.94698,1.29146,1.60941,1.89128,0.145,5.838,0.3655668181818182,0.22245933014354116,3.4124593301435406
46,1652393_2016_b,1652393,"Tutun, Griffin",9,2016,So,INF,13,7.0,0.261,0.346,0.261,1.0,23.0,6.0,0.0,0.0,0.0,0.0,1.0,3.0,0.0,0.0,1.0,4.0,0.0,0.0,0.0,1.0,0.0,http://stats.ncaa.org/player/index?game_sport_year_ctl_id=12360&stats_player_seq=1652393,27.0,6.0,0.3157894736842105,0.348,1.102,0.7854,0.7966,0.9524,1.3127,1.7083,1.96578,0.139,5.536,0.3621814814814815,0.3474591651542658,4.100459165154266
149,1884385_2020_b,1884385,"Carnegie, Alex",3,2020,Sr,INF,9,8.0,0.208,0.323,0.292,3.0,24.0,5.0,2.0,0.0,7.0,0.0,3.0,4.0,1.0,2.0,0.0,10.0,0.0,1.0,0.0,0.0,0.0,http://stats.ncaa.org/player/index?game_sport_year_ctl_id=15204&org_id=167&stats_player_seq=1884385,31.0,3.0,0.3125,0.346,1.095,0.79689,0.81968,0.97083,1.28144,1.65008,2.0367,0.139,5.535,0.3591190322580645,0.3714063926940648,4.680406392694065
34,1652397_2016_b,1652397,"Bitar, Ellis",2,2016,So,C,36,36.0,0.288,0.352,0.386,15.0,132.0,38.0,5.0,1.0,0.0,2.0,12.0,4.0,9.0,0.0,1.0,29.0,2.0,2.0,0.0,9.0,0.0,http://stats.ncaa.org/player/index?game_sport_year_ctl_id=12360&stats_player_seq=1652397,146.0,30.0,0.3564356435643564,0.348,1.102,0.7854,0.7966,0.9524,1.3127,1.7083,1.96578,0.139,5.536,0.35675589041095884,1.1600362976406482,21.45403629764065
6,1547005_2015_b,1547005,"Wagner, Tommy",15,2015,So,INF,28,28.0,0.308,0.365,0.352,13.0,91.0,28.0,2.0,1.0,0.0,0.0,15.0,8.0,2.0,3.0,0.0,7.0,4.0,1.0,0.0,4.0,0.0,http://stats.ncaa.org/player/index?game_sport_year_ctl_id=12080&stats_player_seq=1547005,104.0,25.0,0.3218390804597701,0.349,1.105,0.79783,0.82336,0.95064,1.32426,1.64098,1.9648,0.137,5.425,0.3565851923076923,0.7139004524886904,14.961900452488692
3,1439156_2015_b,1439156,"Morris, Dan",38,2015,Sr,INF,37,35.0,0.285,0.352,0.392,22.0,130.0,37.0,10.0,2.0,0.0,0.0,19.0,12.0,2.0,1.0,1.0,26.0,5.0,0.0,0.0,2.0,0.0,http://stats.ncaa.org/player/index?game_sport_year_ctl_id=12080&stats_player_seq=1439156,146.0,25.0,0.3523809523809524,0.349,1.105,0.79783,0.82336,0.95064,1.32426,1.64098,1.9648,0.137,5.425,0.35527575342465756,0.8291945701357529,20.831194570135757
150,1997347_2020_b,1997347,"Matton, Kalani",4,2020,Jr,INF,9,9.0,0.276,0.323,0.276,3.0,29.0,8.0,0.0,0.0,8.0,0.0,1.0,2.0,0.0,0.0,0.0,9.0,1.0,0.0,0.0,1.0,0.0,http://stats.ncaa.org/player/index?game_sport_year_ctl_id=15204&org_id=167&stats_player_seq=1997347,31.0,8.0,0.4,0.346,1.095,0.79689,0.81968,0.97083,1.28144,1.65008,2.0367,0.139,5.535,0.3551774193548387,0.2598173515981742,4.568817351598174
0,1547004_2015_b,1547004,"Scorza, Spencer",18,2015,Sr,INF,40,40.0,0.279,0.338,0.381,21.0,147.0,41.0,12.0,0.0,0.0,1.0,25.0,9.0,4.0,0.0,0.0,15.0,8.0,0.0,0.0,2.0,0.0,http://stats.ncaa.org/player/index?game_sport_year_ctl_id=12080&stats_player_seq=1547004,160.0,28.0,0.3053435114503817,0.349,1.105,0.79783,0.82336,0.95064,1.32426,1.64098,1.9648,0.137,5.425,0.3536795625,0.6775837104072415,22.597583710407246
151,1997328_2020_b,1997328,"Garza, Ramon",21,2020,Jr,OF,9,9.0,0.167,0.306,0.3,4.0,30.0,5.0,1.0,0.0,9.0,1.0,4.0,5.0,1.0,0.0,0.0,10.0,2.0,0.0,0.0,1.0,0.0,http://stats.ncaa.org/player/index?game_sport_year_ctl_id=15204&org_id=167&stats_player_seq=1997328,36.0,3.0,0.21052631578947367,0.346,1.095,0.79689,0.81968,0.97083,1.28144,1.65008,2.0367,0.139,5.535,0.3523566666666666,0.20898630136986154,5.212986301369861
32,1779087_2016_b,1779087,"Price, C.J.",30,2016,Jr,C,37,37.0,0.233,0.371,0.328,17.0,116.0,27.0,0.0,1.0,0.0,3.0,9.0,17.0,9.0,1.0,2.0,20.0,3.0,2.0,0.0,1.0,0.0,http://stats.ncaa.org/player/index?game_sport_year_ctl_id=12360&stats_player_seq=1779087,145.0,23.0,0.2553191489361702,0.348,1.102,0.7854,0.7966,0.9524,1.3127,1.7083,1.96578,0.139,5.536,0.3519451034482759,0.5190925589836739,20.674092558983673
104,1884388_2018_b,1884388,"Collins, Matt",15,2018,So,INF,19,13.0,0.205,0.347,0.308,10.0,39.0,8.0,2.0,1.0,12.0,0.0,4.0,8.0,1.0,1.0,0.0,12.0,0.0,0.0,0.0,1.0,0.0,http://stats.ncaa.org/player/index?game_sport_year_ctl_id=12973&stats_player_seq=1884388,49.0,5.0,0.2857142857142857,0.354,1.075,0.79647,0.81863,0.94821,1.31856,1.62259,1.93642,0.141,5.626,0.3508397959183673,-0.14404651162790913,6.76495348837209
39,1779084_2016_b,1779084,"Fraser, Mark",32,2016,Fr,1B,26,22.0,0.259,0.315,0.395,8.0,81.0,21.0,8.0,0.0,0.0,1.0,18.0,7.0,0.0,1.0,0.0,22.0,3.0,0.0,0.0,0.0,0.0,http://stats.ncaa.org/player/index?game_sport_year_ctl_id=12360&stats_player_seq=1779084,89.0,12.0,0.3389830508474576,0.348,1.102,0.7854,0.7966,0.9524,1.3127,1.7083,1.96578,0.139,5.536,0.3494638202247191,0.11822141560798835,12.489221415607988
22,1439154_2015_b,1439154,"McGee, Collin",31,2015,Jr,C,6,2.0,0.0,0.143,0.0,0.0,6.0,0.0,0.0,0.0,0.0,0.0,1.0,1.0,0.0,0.0,0.0,2.0,0.0,0.0,0.0,1.0,0.0,http://stats.ncaa.org/player/index?game_sport_year_ctl_id=12080&stats_player_seq=1439154,7.0,0.0,0.0,0.349,1.105,0.79783,0.82336,0.95064,1.32426,1.64098,1.9648,0.137,5.425,0.3484014285714286,-0.0037918552036196825,0.9552081447963805
4,1546995_2015_b,1546995,"Padulo, Frankie",8,2015,So,INF,36,33.0,0.284,0.34,0.379,13.0,95.0,27.0,7.0,1.0,0.0,0.0,8.0,6.0,2.0,0.0,3.0,16.0,3.0,0.0,0.0,2.0,0.0,http://stats.ncaa.org/player/index?game_sport_year_ctl_id=12080&stats_player_seq=1546995,106.0,19.0,0.34177215189873417,0.349,1.105,0.79783,0.82336,0.95064,1.32426,1.64098,1.9648,0.137,5.425,0.3434590566037736,-0.5315294117646997,13.9904705882353
157,1884388_2020_b,1884388,"Collins, Matt",15,2020,Sr,INF,6,1.0,0.111,0.2,0.111,2.0,9.0,1.0,0.0,0.0,1.0,0.0,0.0,1.0,0.0,0.0,0.0,3.0,0.0,0.0,0.0,0.0,0.0,http://stats.ncaa.org/player/index?game_sport_year_ctl_id=15204&org_id=167&stats_player_seq=1884388,10.0,1.0,0.16666666666666666,0.346,1.095,0.79689,0.81968,0.97083,1.28144,1.65008,2.0367,0.139,5.535,0.34178,-0.03853881278538814,1.351461187214612
10,1652397_2015_b,1652397,"Bitar, Ellis",24,2015,Fr,C,21,18.0,0.232,0.317,0.321,6.0,56.0,13.0,5.0,0.0,0.0,0.0,8.0,6.0,1.0,0.0,0.0,18.0,0.0,1.0,0.0,2.0,0.0,http://stats.ncaa.org/player/index?game_sport_year_ctl_id=12080&stats_player_seq=1652397,63.0,8.0,0.34210526315789475,0.349,1.105,0.79783,0.82336,0.95064,1.32426,1.64098,1.9648,0.137,5.425,0.3409165079365079,-0.46086877828054335,8.170131221719458
9,1329458_2015_b,1329458,"Hall, Matt",4,2015,Sr,C,22,19.0,0.212,0.328,0.288,6.0,52.0,11.0,4.0,0.0,0.0,0.0,3.0,8.0,1.0,0.0,1.0,3.0,1.0,0.0,0.0,0.0,0.0,http://stats.ncaa.org/player/index?game_sport_year_ctl_id=12080&stats_player_seq=1329458,62.0,7.0,0.22448979591836735,0.349,1.105,0.79783,0.82336,0.95064,1.32426,1.64098,1.9648,0.137,5.425,0.33545967741935484,-0.759728506787329,7.734271493212672
2,1547003_2015_b,1547003,"Karl, Ryan",17,2015,Sr,OF,40,40.0,0.224,0.333,0.313,22.0,134.0,30.0,6.0,0.0,0.0,2.0,18.0,19.0,4.0,2.0,0.0,38.0,2.0,3.0,0.0,2.0,0.0,http://stats.ncaa.org/player/index?game_sport_year_ctl_id=12080&stats_player_seq=1547003,159.0,22.0,0.2916666666666667,0.349,1.105,0.79783,0.82336,0.95064,1.32426,1.64098,1.9648,0.137,5.425,0.3325938993710692,-2.3606968325791793,19.42230316742082
63,1547005_2017_b,1547005,"Wagner, Tommy",15,2017,Sr,INF,38,38.0,0.296,0.343,0.355,23.0,152.0,45.0,2.0,2.0,54.0,1.0,22.0,9.0,4.0,4.0,0.0,13.0,7.0,2.0,0.0,1.0,0.0,http://stats.ncaa.org/player/index?game_sport_year_ctl_id=12560&stats_player_seq=1547005,169.0,40.0,0.30985915492957744,0.351,1.092,0.77729,0.79205,0.94322,1.30842,1.70758,1.95513,0.143,5.694,0.33237964497041417,-2.8817216117216136,21.285278388278382
98,1884384_2018_b,1884384,"Lepper, Kaleb",19,2018,So,OF,27,23.0,0.192,0.357,0.282,11.0,78.0,15.0,3.0,2.0,22.0,0.0,8.0,17.0,3.0,0.0,2.0,17.0,1.0,2.0,0.0,4.0,0.0,http://stats.ncaa.org/player/index?game_sport_year_ctl_id=12973&stats_player_seq=1884384,100.0,10.0,0.2459016393442623,0.354,1.075,0.79647,0.81863,0.94821,1.31856,1.62259,1.93642,0.141,5.626,0.3305625,-2.1802325581395348,11.919767441860465
160,2347220_2020_b,2347220,"Alonso, Franco",8,2020,Fr,INF,4,1.0,0.0,0.0,0.0,0.0,5.0,0.0,0.0,0.0,0.0,0.0,0.0,0.0,0.0,0.0,0.0,4.0,0.0,0.0,0.0,0.0,0.0,http://stats.ncaa.org/player/index?game_sport_year_ctl_id=15204&org_id=167&stats_player_seq=2347220,5.0,0.0,0.0,0.346,1.095,0.79689,0.81968,0.97083,1.28144,1.65008,2.0367,0.139,5.535,0.330016,-0.072986301369863,0.6220136986301371
172,2111763_2020_b,2111763,"Charles, Anthony",7,2020,Sr,OF,2,2.0,0.0,0.0,0.0,0.0,5.0,0.0,0.0,0.0,0.0,0.0,0.0,0.0,0.0,0.0,0.0,3.0,0.0,0.0,0.0,0.0,0.0,http://stats.ncaa.org/player/index?game_sport_year_ctl_id=15204&org_id=167&stats_player_seq=2111763,5.0,0.0,0.0,0.346,1.095,0.79689,0.81968,0.97083,1.28144,1.65008,2.0367,0.139,5.535,0.330016,-0.072986301369863,0.6220136986301371
7,1652396_2015_b,1652396,"Wickham, Dale",19,2015,Fr,INF,26,17.0,0.236,0.333,0.255,8.0,55.0,13.0,1.0,0.0,0.0,0.0,5.0,8.0,0.0,0.0,0.0,9.0,2.0,0.0,0.0,0.0,0.0,http://stats.ncaa.org/player/index?game_sport_year_ctl_id=12080&stats_player_seq=1652396,63.0,12.0,0.2826086956521739,0.349,1.105,0.79783,0.82336,0.95064,1.32426,1.64098,1.9648,0.137,5.425,0.3294533333333333,-1.1144253393665153,7.516574660633485
21,1546999_2015_b,1546999,"Weston, Jacob",25,2015,So,OF,7,5.0,0.211,0.211,0.316,0.0,19.0,4.0,2.0,0.0,0.0,0.0,2.0,0.0,0.0,0.0,0.0,9.0,1.0,0.0,0.0,0.0,0.0,http://stats.ncaa.org/player/index?game_sport_year_ctl_id=12080&stats_player_seq=1546999,19.0,2.0,0.4,0.349,1.105,0.79783,0.82336,0.95064,1.32426,1.64098,1.9648,0.137,5.425,0.32583052631578946,-0.398389140271493,2.2046108597285072
18,1652419_2015_b,1652419,"Baur, Trey",35,2015,Fr,INF,9,5.0,0.208,0.269,0.25,1.0,24.0,5.0,1.0,0.0,0.0,0.0,3.0,1.0,1.0,0.0,0.0,7.0,0.0,0.0,0.0,0.0,0.0,http://stats.ncaa.org/player/index?game_sport_year_ctl_id=12080&stats_player_seq=1652419,26.0,4.0,0.29411764705882354,0.349,1.105,0.79783,0.82336,0.95064,1.32426,1.64098,1.9648,0.137,5.425,0.32265346153846153,-0.6199185520361988,2.9420814479638016
128,1997329_2019_b,1997329,"Apostle, Jason",25,2019,So,OF,28,23.0,0.233,0.333,0.315,6.0,73.0,17.0,4.0,1.0,23.0,0.0,3.0,8.0,3.0,0.0,4.0,24.0,1.0,1.0,0.0,3.0,0.0,http://stats.ncaa.org/player/index?game_sport_year_ctl_id=14781&stats_player_seq=1997329,88.0,12.0,0.3469387755102041,0.355,1.045,0.80637,0.82853,0.94698,1.29146,1.60941,1.89128,0.145,5.838,0.3190404545454546,-3.0281722488038216,9.731827751196176
8,1324529_2015_b,1324529,"Whetsel, JD",6,2015,Sr,OF,24,24.0,0.19,0.333,0.238,14.0,84.0,16.0,4.0,0.0,0.0,0.0,4.0,14.0,4.0,0.0,1.0,15.0,1.0,2.0,0.0,9.0,0.0,http://stats.ncaa.org/player/index?game_sport_year_ctl_id=12080&stats_player_seq=1324529,103.0,12.0,0.2318840579710145,0.349,1.105,0.79783,0.82336,0.95064,1.32426,1.64098,1.9648,0.137,5.425,0.3185316504854369,-2.8400361990950187,11.270963800904982
48,1546996_2016_b,1546996,"Smith, Jamie",3,2016,Jr,OF,12,5.0,0.062,0.211,0.25,2.0,16.0,1.0,0.0,0.0,0.0,1.0,1.0,2.0,1.0,0.0,0.0,7.0,1.0,0.0,0.0,0.0,0.0,http://stats.ncaa.org/player/index?game_sport_year_ctl_id=12360&stats_player_seq=1546996,19.0,0.0,0.0,0.348,1.102,0.7854,0.7966,0.9524,1.3127,1.7083,1.96578,0.139,5.536,0.31797263157894734,-0.5177132486388385,2.1232867513611615
123,1884388_2019_b,1884388,"Collins, Matt",15,2019,Jr,INF,38,36.0,0.217,0.314,0.325,13.0,120.0,26.0,5.0,1.0,39.0,2.0,7.0,15.0,2.0,0.0,1.0,42.0,1.0,1.0,0.0,10.0,0.0,http://stats.ncaa.org/player/index?game_sport_year_ctl_id=14781&stats_player_seq=1884388,138.0,18.0,0.3157894736842105,0.355,1.045,0.80637,0.82853,0.94698,1.29146,1.60941,1.89128,0.145,5.838,0.3162863768115942,-5.112421052631575,14.897578947368423
101,1997329_2018_b,1997329,"Apostle, Jason",25,2018,Fr,OF,24,19.0,0.197,0.321,0.273,8.0,66.0,13.0,2.0,0.0,18.0,1.0,11.0,10.0,3.0,2.0,2.0,24.0,2.0,1.0,0.0,2.0,0.0,http://stats.ncaa.org/player/index?game_sport_year_ctl_id=12973&stats_player_seq=1997329,83.0,10.0,0.27906976744186046,0.354,1.075,0.79647,0.81863,0.94821,1.31856,1.62259,1.93642,0.141,5.626,0.31444361445783126,-3.0541209302325623,8.648879069767437
148,2347188_2020_b,2347188,"Hollerbach, Joe",30,2020,Fr,INF,9,8.0,0.172,0.242,0.31,3.0,29.0,5.0,1.0,0.0,9.0,1.0,4.0,2.0,1.0,1.0,0.0,11.0,1.0,0.0,0.0,0.0,0.0,http://stats.ncaa.org/player/index?game_sport_year_ctl_id=15204&org_id=167&stats_player_seq=2347188,33.0,3.0,0.2222222222222222,0.346,1.095,0.79689,0.81968,0.97083,1.28144,1.65008,2.0367,0.139,5.535,0.3119445454545454,-1.026328767123288,3.5606712328767123
125,1997325_2019_b,1997325,"Binnie, Nicholas",2,2019,So,P,34,30.0,0.257,0.316,0.305,13.0,105.0,27.0,5.0,0.0,32.0,0.0,7.0,8.0,1.0,0.0,3.0,26.0,2.0,0.0,0.0,6.0,0.0,http://stats.ncaa.org/player/index?game_sport_year_ctl_id=14781&stats_player_seq=1997325,117.0,22.0,0.34177215189873417,0.355,1.045,0.80637,0.82853,0.94698,1.29146,1.60941,1.89128,0.145,5.838,0.309228717948718,-5.124631578947363,11.840368421052636
127,2111757_2019_b,2111757,"Flematti, Austin",35,2019,Fr,C,30,28.0,0.2,0.308,0.27,13.0,100.0,20.0,4.0,0.0,27.0,1.0,14.0,12.0,4.0,1.0,1.0,21.0,1.0,1.0,0.0,2.0,0.0,http://stats.ncaa.org/player/index?game_sport_year_ctl_id=14781&stats_player_seq=2111757,118.0,15.0,0.24050632911392406,0.355,1.045,0.80637,0.82853,0.94698,1.29146,1.60941,1.89128,0.145,5.838,0.30391347457627116,-5.76862200956938,11.341377990430619
97,1779078_2018_b,1779078,"Arndt, Josh",6,2018,Jr,INF,32,27.0,0.231,0.272,0.368,14.0,117.0,27.0,8.0,1.0,43.0,2.0,15.0,6.0,1.0,1.0,0.0,27.0,1.0,1.0,0.0,3.0,0.0,http://stats.ncaa.org/player/index?game_sport_year_ctl_id=12973&stats_player_seq=1779078,125.0,16.0,0.2808988764044944,0.354,1.075,0.79647,0.81863,0.94821,1.31856,1.62259,1.93642,0.141,5.626,0.30250176,-5.988167441860463,11.636832558139536
37,1439148_2016_b,1439148,"Lowell, Eliot",5,2016,Sr,INF,30,25.0,0.176,0.325,0.191,10.0,68.0,12.0,1.0,0.0,0.0,0.0,4.0,15.0,0.0,0.0,1.0,16.0,0.0,2.0,0.0,1.0,0.0,http://stats.ncaa.org/player/index?game_sport_year_ctl_id=12360&stats_player_seq=1439148,84.0,11.0,0.23076923076923078,0.348,1.102,0.7854,0.7966,0.9524,1.3127,1.7083,1.96578,0.139,5.536,0.30093333333333333,-3.5876588021778564,8.088341197822144
129,2111720_2019_b,2111720,"Taylor, Justin",9,2019,Fr,INF,27,27.0,0.204,0.324,0.215,5.0,93.0,19.0,1.0,0.0,20.0,0.0,3.0,16.0,1.0,1.0,2.0,24.0,3.0,3.0,0.0,4.0,0.0,http://stats.ncaa.org/player/index?game_sport_year_ctl_id=14781&stats_player_seq=2111720,113.0,18.0,0.2714285714285714,0.355,1.045,0.80637,0.82853,0.94698,1.29146,1.60941,1.89128,0.145,5.838,0.2980261946902655,-6.160803827751195,10.224196172248803
38,1779078_2016_b,1779078,"Arndt, Josh",6,2016,Fr,INF,28,24.0,0.229,0.289,0.277,7.0,83.0,19.0,4.0,0.0,0.0,0.0,10.0,6.0,1.0,0.0,1.0,10.0,1.0,2.0,0.0,2.0,0.0,http://stats.ncaa.org/player/index?game_sport_year_ctl_id=12360&stats_player_seq=1779078,91.0,15.0,0.2602739726027397,0.348,1.102,0.7854,0.7966,0.9524,1.3127,1.7083,1.96578,0.139,5.536,0.29400109890109893,-4.459074410163335,8.189925589836665
72,1884386_2017_b,1884386,"Gallagher, Kyle",27,2017,Jr,OF,20,18.0,0.243,0.264,0.314,6.0,70.0,17.0,5.0,0.0,22.0,0.0,6.0,2.0,0.0,0.0,0.0,13.0,1.0,1.0,0.0,1.0,0.0,http://stats.ncaa.org/player/index?game_sport_year_ctl_id=12560&stats_player_seq=1884386,72.0,12.0,0.2982456140350877,0.351,1.092,0.77729,0.79205,0.94322,1.30842,1.70758,1.95513,0.143,5.694,0.2933736111111111,-3.799542124542124,6.4964578754578755
35,1546995_2016_b,1546995,"Padulo, Frankie",8,2016,Jr,INF,36,34.0,0.192,0.292,0.267,19.0,120.0,23.0,6.0,0.0,0.0,1.0,11.0,14.0,3.0,0.0,1.0,20.0,5.0,1.0,0.0,1.0,0.0,http://stats.ncaa.org/player/index?game_sport_year_ctl_id=12360&stats_player_seq=1546995,138.0,16.0,0.2222222222222222,0.348,1.102,0.7854,0.7966,0.9524,1.3127,1.7083,1.96578,0.139,5.536,0.29111652173913044,-7.123339382940104,12.058660617059898
121,1779078_2019_b,1779078,"Arndt, Josh",6,2019,Sr,INF,38,38.0,0.214,0.285,0.303,16.0,145.0,31.0,8.0,1.0,44.0,1.0,15.0,14.0,2.0,4.0,0.0,32.0,7.0,3.0,0.0,6.0,0.0,http://stats.ncaa.org/player/index?game_sport_year_ctl_id=14781&stats_player_seq=1779078,165.0,21.0,0.25862068965517243,0.355,1.045,0.80637,0.82853,0.94698,1.29146,1.60941,1.89128,0.145,5.838,0.28887993939393936,-10.440009569377994,13.484990430622005
143,1997326_2019_b,1997326,"Giuliano, Dave",17,2019,So,OF,7,3.0,0.071,0.188,0.143,2.0,14.0,1.0,1.0,0.0,2.0,0.0,0.0,2.0,0.0,0.0,0.0,7.0,0.0,0.0,0.0,0.0,0.0,http://stats.ncaa.org/player/index?game_sport_year_ctl_id=14781&stats_player_seq=1997326,16.0,0.0,0.14285714285714285,0.355,1.045,0.80637,0.82853,0.94698,1.29146,1.60941,1.89128,0.145,5.838,0.282100625,-1.1161626794258372,1.2038373205741626
11,1439148_2015_b,1439148,"Lowell, Eliot",5,2015,Jr,INF,20,12.0,0.147,0.275,0.176,3.0,34.0,5.0,1.0,0.0,0.0,0.0,1.0,6.0,0.0,0.0,1.0,6.0,4.0,0.0,0.0,0.0,0.0,http://stats.ncaa.org/player/index?game_sport_year_ctl_id=12080&stats_player_seq=1439148,41.0,4.0,0.17857142857142858,0.349,1.105,0.79783,0.82336,0.95064,1.32426,1.64098,1.9648,0.137,5.425,0.2818239024390244,-2.492506787330316,3.1244932126696843
124,1997328_2019_b,1997328,"Garza, Ramon",21,2019,So,INF,37,37.0,0.219,0.272,0.299,13.0,137.0,30.0,8.0,0.0,41.0,1.0,11.0,9.0,2.0,3.0,1.0,23.0,4.0,2.0,0.0,7.0,0.0,http://stats.ncaa.org/player/index?game_sport_year_ctl_id=14781&stats_player_seq=1997328,152.0,21.0,0.25,0.355,1.045,0.80637,0.82853,0.94698,1.29146,1.60941,1.89128,0.145,5.838,0.2804825,-10.838909090909086,11.201090909090913
144,2111723_2019_b,2111723,"Charles, Lachlan",11,2019,Fr,OF,6,5.0,0.077,0.2,0.077,1.0,13.0,1.0,0.0,0.0,1.0,0.0,0.0,2.0,0.0,0.0,0.0,8.0,0.0,1.0,0.0,0.0,0.0,http://stats.ncaa.org/player/index?game_sport_year_ctl_id=14781&stats_player_seq=2111723,15.0,1.0,0.2,0.355,1.045,0.80637,0.82853,0.94698,1.29146,1.60941,1.89128,0.145,5.838,0.277942,-1.1060956937799038,1.068904306220096
69,1779078_2017_b,1779078,"Arndt, Josh",6,2017,So,INF,28,18.0,0.187,0.256,0.28,5.0,75.0,14.0,7.0,0.0,21.0,0.0,3.0,7.0,0.0,0.0,1.0,20.0,1.0,0.0,0.0,0.0,0.0,http://stats.ncaa.org/player/index?game_sport_year_ctl_id=12560&stats_player_seq=1779078,83.0,7.0,0.2545454545454545,0.351,1.092,0.77729,0.79205,0.94322,1.30842,1.70758,1.95513,0.143,5.694,0.2760251807228915,-5.698635531135533,6.170364468864466
36,1439151_2016_b,1439151,"Winawer, Jordan",27,2016,Sr,OF,33,31.0,0.2,0.282,0.274,12.0,95.0,19.0,2.0,1.0,0.0,1.0,6.0,10.0,2.0,3.0,4.0,19.0,3.0,1.0,0.0,4.0,0.0,http://stats.ncaa.org/player/index?game_sport_year_ctl_id=12360&stats_player_seq=1439151,114.0,15.0,0.23076923076923078,0.348,1.102,0.7854,0.7966,0.9524,1.3127,1.7083,1.96578,0.139,5.536,0.2722164912280702,-7.839673321234117,8.006326678765884
73,1884384_2017_b,1884384,"Lepper, Kaleb",19,2017,Fr,OF,19,18.0,0.183,0.263,0.211,9.0,71.0,13.0,2.0,0.0,15.0,0.0,5.0,8.0,0.0,1.0,0.0,16.0,1.0,1.0,0.0,3.0,0.0,http://stats.ncaa.org/player/index?game_sport_year_ctl_id=12560&stats_player_seq=1884384,80.0,11.0,0.23214285714285715,0.351,1.092,0.77729,0.79205,0.94322,1.30842,1.70758,1.95513,0.143,5.694,0.261477,-6.558461538461535,4.881538461538463
155,2347203_2020_b,2347203,"Ross, Ryan",6,2020,Fr,OF,7,5.0,0.111,0.2,0.111,0.0,18.0,2.0,0.0,0.0,2.0,0.0,0.0,2.0,0.0,0.0,0.0,10.0,0.0,0.0,0.0,0.0,0.0,http://stats.ncaa.org/player/index?game_sport_year_ctl_id=15204&org_id=167&stats_player_seq=2347203,20.0,2.0,0.25,0.346,1.095,0.79689,0.81968,0.97083,1.28144,1.65008,2.0367,0.139,5.535,0.259276,-1.5839999999999996,1.1960000000000006
154,2347213_2020_b,2347213,"Steigerwald, Alex",38,2020,Fr,C,8,7.0,0.111,0.2,0.111,0.0,18.0,2.0,0.0,0.0,2.0,0.0,0.0,2.0,0.0,0.0,0.0,8.0,0.0,0.0,0.0,0.0,0.0,http://stats.ncaa.org/player/index?game_sport_year_ctl_id=15204&org_id=167&stats_player_seq=2347213,20.0,2.0,0.2,0.346,1.095,0.79689,0.81968,0.97083,1.28144,1.65008,2.0367,0.139,5.535,0.259276,-1.5839999999999996,1.1960000000000006
5,1439151_2015_b,1439151,"Winawer, Jordan",27,2015,Jr,OF,33,27.0,0.184,0.266,0.204,14.0,98.0,18.0,2.0,0.0,0.0,0.0,6.0,9.0,2.0,0.0,1.0,24.0,3.0,0.0,0.0,2.0,0.0,http://stats.ncaa.org/player/index?game_sport_year_ctl_id=12080&stats_player_seq=1439151,110.0,16.0,0.24324324324324326,0.349,1.105,0.79783,0.82336,0.95064,1.32426,1.64098,1.9648,0.137,5.425,0.25751754545454547,-9.106850678733027,5.9631493212669735
161,2347219_2020_b,2347219,"Kaplan, Sam",45,2020,Fr,OF,4,3.0,0.0,0.154,0.0,1.0,11.0,0.0,0.0,0.0,0.0,0.0,0.0,2.0,0.0,0.0,0.0,8.0,0.0,0.0,0.0,0.0,0.0,http://stats.ncaa.org/player/index?game_sport_year_ctl_id=15204&org_id=167&stats_player_seq=2347219,13.0,0.0,0.0,0.346,1.095,0.79689,0.81968,0.97083,1.28144,1.65008,2.0367,0.139,5.535,0.24952769230769228,-1.1453333333333333,0.6616666666666668
156,1884384_2020_b,1884384,"Lepper, Kaleb",19,2020,Sr,OF,6,5.0,0.15,0.19,0.15,0.0,20.0,3.0,0.0,0.0,3.0,0.0,1.0,1.0,0.0,0.0,1.0,9.0,0.0,0.0,0.0,0.0,0.0,http://stats.ncaa.org/player/index?game_sport_year_ctl_id=15204&org_id=167&stats_player_seq=1884384,22.0,3.0,0.2727272727272727,0.346,1.095,0.79689,0.81968,0.97083,1.28144,1.65008,2.0367,0.139,5.535,0.2436118181818182,-2.0571141552511403,1.0008858447488598
42,1546999_2016_b,1546999,"Weston, Jacob",25,2016,Jr,OF,18,13.0,0.149,0.212,0.234,3.0,47.0,7.0,1.0,0.0,0.0,1.0,5.0,4.0,0.0,1.0,1.0,16.0,0.0,0.0,0.0,0.0,0.0,http://stats.ncaa.org/player/index?game_sport_year_ctl_id=12360&stats_player_seq=1546999,53.0,5.0,0.1935483870967742,0.348,1.102,0.7854,0.7966,0.9524,1.3127,1.7083,1.96578,0.139,5.536,0.2432147169811321,-5.039582577132484,2.3274174228675166
12,1546996_2015_b,1546996,"Smith, Jamie",3,2015,So,C,18,11.0,0.13,0.18,0.261,4.0,46.0,6.0,3.0,0.0,0.0,1.0,5.0,2.0,1.0,1.0,0.0,19.0,0.0,0.0,0.0,0.0,0.0,http://stats.ncaa.org/player/index?game_sport_year_ctl_id=12080&stats_player_seq=1546996,50.0,2.0,0.18518518518518517,0.349,1.105,0.79783,0.82336,0.95064,1.32426,1.64098,1.9648,0.137,5.425,0.23797720000000003,-5.023656108597282,1.826343891402718
84,1779088_2017_b,1779088,"Blackstone, Mitch",21,2017,So,C,8,4.0,0.136,0.167,0.182,1.0,22.0,3.0,1.0,0.0,4.0,0.0,2.0,1.0,0.0,1.0,0.0,10.0,0.0,0.0,0.0,0.0,0.0,http://stats.ncaa.org/player/index?game_sport_year_ctl_id=12560&stats_player_seq=1779088,24.0,2.0,0.23076923076923078,0.351,1.092,0.77729,0.79205,0.94322,1.30842,1.70758,1.95513,0.143,5.694,0.23665541666666667,-2.513067765567765,0.9189322344322348
152,2347184_2020_b,2347184,"Russell, Shane",13,2020,Fr,INF,9,9.0,0.171,0.194,0.171,1.0,35.0,6.0,0.0,0.0,6.0,0.0,1.0,1.0,0.0,0.0,0.0,17.0,0.0,0.0,0.0,0.0,0.0,http://stats.ncaa.org/player/index?game_sport_year_ctl_id=15204&org_id=167&stats_player_seq=2347184,36.0,6.0,0.3333333333333333,0.346,1.095,0.79689,0.81968,0.97083,1.28144,1.65008,2.0367,0.139,5.535,0.2297763888888889,-3.821050228310501,1.1829497716894994
41,1779081_2016_b,1779081,"Morris, Parker",34,2016,Fr,OF,20,7.0,0.143,0.167,0.179,4.0,28.0,4.0,1.0,0.0,0.0,0.0,1.0,1.0,0.0,1.0,1.0,7.0,1.0,0.0,0.0,1.0,0.0,http://stats.ncaa.org/player/index?game_sport_year_ctl_id=12360&stats_player_seq=1779081,31.0,3.0,0.18181818181818182,0.348,1.102,0.7854,0.7966,0.9524,1.3127,1.7083,1.96578,0.139,5.536,0.21495483870967744,-3.7426497277676933,0.5663502722323068
126,1884385_2019_b,1884385,"Carnegie, Alex",3,2019,Jr,INF,32,31.0,0.144,0.211,0.207,8.0,111.0,16.0,2.0,1.0,23.0,1.0,18.0,6.0,4.0,2.0,1.0,35.0,2.0,0.0,0.0,2.0,0.0,http://stats.ncaa.org/player/index?game_sport_year_ctl_id=14781&stats_player_seq=1884385,124.0,12.0,0.19480519480519481,0.355,1.045,0.80637,0.82853,0.94698,1.29146,1.60941,1.89128,0.145,5.838,0.21451379032258067,-16.67013397129186,1.3098660287081372
103,1652421_2018_b,1652421,"Le Dorze, Pierre",1,2018,Sr,OF,19,13.0,0.096,0.19,0.135,3.0,52.0,5.0,2.0,0.0,7.0,0.0,2.0,5.0,1.0,0.0,0.0,17.0,4.0,0.0,0.0,1.0,0.0,http://stats.ncaa.org/player/index?game_sport_year_ctl_id=12973&stats_player_seq=1652421,58.0,3.0,0.14285714285714285,0.354,1.075,0.79647,0.81863,0.94821,1.31856,1.62259,1.93642,0.141,5.626,0.20526413793103448,-8.024818604651161,0.15318139534883785
134,1997347_2019_b,1997347,"Matton, Kalani",4,2019,So,INF,13,13.0,0.14,0.178,0.163,2.0,43.0,6.0,1.0,0.0,7.0,0.0,2.0,1.0,1.0,0.0,1.0,14.0,0.0,1.0,0.0,1.0,0.0,http://stats.ncaa.org/player/index?game_sport_year_ctl_id=14781&stats_player_seq=1997347,46.0,5.0,0.20689655172413793,0.355,1.045,0.80637,0.82853,0.94698,1.29146,1.60941,1.89128,0.145,5.838,0.2015363043478261,-6.755339712918659,-0.08533971291866016
61,1779088_2016_b,1779088,"Blackstone, Mitch",21,2016,Fr,C,3,2.0,0.0,0.0,0.0,0.0,8.0,0.0,0.0,0.0,0.0,0.0,0.0,0.0,0.0,0.0,1.0,3.0,0.0,0.0,0.0,0.0,0.0,http://stats.ncaa.org/player/index?game_sport_year_ctl_id=12360&stats_player_seq=1779088,9.0,0.0,0.0,0.348,1.102,0.7854,0.7966,0.9524,1.3127,1.7083,1.96578,0.139,5.536,0.1898111111111111,-1.2919237749546277,-0.04092377495462768
99,1997328_2018_b,1997328,"Garza, Ramon",21,2018,Fr,INF,27,23.0,0.136,0.174,0.17,5.0,88.0,12.0,3.0,0.0,15.0,0.0,2.0,2.0,2.0,0.0,0.0,31.0,4.0,1.0,0.0,4.0,0.0,http://stats.ncaa.org/player/index?game_sport_year_ctl_id=12973&stats_player_seq=1997328,92.0,9.0,0.21052631578947367,0.354,1.075,0.79647,0.81863,0.94821,1.31856,1.62259,1.93642,0.141,5.626,0.18850391304347824,-14.163386046511627,-1.1913860465116288
19,1332286_2015_b,1332286,"Urbon, Kellen",13,2015,Jr,P,9,9.0,0.0,0.0,0.0,0.0,0.0,0.0,0.0,0.0,0.0,0.0,0.0,0.0,0.0,0.0,0.0,0.0,0.0,0.0,0.0,0.0,0.0,http://stats.ncaa.org/player/index?game_sport_year_ctl_id=12080&stats_player_seq=1332286,0.0,0.0,,0.349,1.105,0.79783,0.82336,0.95064,1.32426,1.64098,1.9648,0.137,5.425,0.0,-0.0,-0.0
131,1884378_2019_b,1884378,"Natoli, John",34,2019,Jr,P,19,1.0,0.0,0.0,0.0,0.0,0.0,0.0,0.0,0.0,0.0,0.0,0.0,0.0,0.0,0.0,0.0,0.0,0.0,0.0,0.0,0.0,0.0,http://stats.ncaa.org/player/index?game_sport_year_ctl_id=14781&stats_player_seq=1884378,0.0,0.0,,0.355,1.045,0.80637,0.82853,0.94698,1.29146,1.60941,1.89128,0.145,5.838,0.0,-0.0,-0.0
20,1652395_2015_b,1652395,"Lewis, Justin",16,2015,Fr,P,8,0.0,0.0,0.0,0.0,0.0,0.0,0.0,0.0,0.0,0.0,0.0,0.0,0.0,0.0,0.0,0.0,0.0,0.0,0.0,0.0,0.0,0.0,http://stats.ncaa.org/player/index?game_sport_year_ctl_id=12080&stats_player_seq=1652395,0.0,0.0,,0.349,1.105,0.79783,0.82336,0.95064,1.32426,1.64098,1.9648,0.137,5.425,0.0,-0.0,-0.0
133,1997345_2019_b,1997345,"Davis, Trevor Daniel",26,2019,So,P,14,0.0,0.0,0.0,0.0,0.0,0.0,0.0,0.0,0.0,0.0,0.0,0.0,0.0,0.0,0.0,0.0,0.0,0.0,0.0,0.0,0.0,0.0,http://stats.ncaa.org/player/index?game_sport_year_ctl_id=14781&stats_player_seq=1997345,0.0,0.0,,0.355,1.045,0.80637,0.82853,0.94698,1.29146,1.60941,1.89128,0.145,5.838,0.0,-0.0,-0.0
159,2111707_2020_b,2111707,"Lillios, Nikolas",1,2020,So,P,5,0.0,0.0,0.0,0.0,0.0,0.0,0.0,0.0,0.0,0.0,0.0,0.0,0.0,0.0,0.0,0.0,0.0,0.0,0.0,0.0,0.0,0.0,http://stats.ncaa.org/player/index?game_sport_year_ctl_id=15204&org_id=167&stats_player_seq=2111707,0.0,0.0,,0.346,1.095,0.79689,0.81968,0.97083,1.28144,1.65008,2.0367,0.139,5.535,0.0,-0.0,-0.0
167,2347211_2020_b,2347211,"Edwards, Spencer",28,2020,Fr,P,3,3.0,0.0,0.0,0.0,0.0,0.0,0.0,0.0,0.0,0.0,0.0,0.0,0.0,0.0,0.0,0.0,0.0,0.0,0.0,0.0,0.0,0.0,http://stats.ncaa.org/player/index?game_sport_year_ctl_id=15204&org_id=167&stats_player_seq=2347211,0.0,0.0,,0.346,1.095,0.79689,0.81968,0.97083,1.28144,1.65008,2.0367,0.139,5.535,0.0,-0.0,-0.0
168,1884378_2020_b,1884378,"Natoli, John",34,2020,Sr,P,3,3.0,0.0,0.0,0.0,0.0,0.0,0.0,0.0,0.0,0.0,0.0,0.0,0.0,0.0,0.0,0.0,0.0,0.0,0.0,0.0,0.0,0.0,http://stats.ncaa.org/player/index?game_sport_year_ctl_id=15204&org_id=167&stats_player_seq=1884378,0.0,0.0,,0.346,1.095,0.79689,0.81968,0.97083,1.28144,1.65008,2.0367,0.139,5.535,0.0,-0.0,-0.0
169,2111724_2020_b,2111724,"Yacinich, Luke",12,2020,So,P,3,0.0,0.0,0.0,0.0,0.0,0.0,0.0,0.0,0.0,0.0,0.0,0.0,0.0,0.0,0.0,0.0,0.0,0.0,0.0,0.0,0.0,0.0,http://stats.ncaa.org/player/index?game_sport_year_ctl_id=15204&org_id=167&stats_player_seq=2111724,0.0,0.0,,0.346,1.095,0.79689,0.81968,0.97083,1.28144,1.65008,2.0367,0.139,5.535,0.0,-0.0,-0.0
136,2111724_2019_b,2111724,"Yacinich, Luke",12,2019,Fr,P,13,4.0,0.0,0.0,0.0,0.0,0.0,0.0,0.0,0.0,0.0,0.0,0.0,0.0,0.0,0.0,0.0,0.0,0.0,0.0,0.0,0.0,0.0,http://stats.ncaa.org/player/index?game_sport_year_ctl_id=14781&stats_player_seq=2111724,0.0,0.0,,0.355,1.045,0.80637,0.82853,0.94698,1.29146,1.60941,1.89128,0.145,5.838,0.0,-0.0,-0.0
170,2111716_2020_b,2111716,"Cushing, Kevin",33,2020,So,P,3,0.0,0.0,0.0,0.0,0.0,0.0,0.0,0.0,0.0,0.0,0.0,0.0,0.0,0.0,0.0,0.0,0.0,0.0,0.0,0.0,0.0,0.0,http://stats.ncaa.org/player/index?game_sport_year_ctl_id=15204&org_id=167&stats_player_seq=2111716,0.0,0.0,,0.346,1.095,0.79689,0.81968,0.97083,1.28144,1.65008,2.0367,0.139,5.535,0.0,-0.0,-0.0
171,1997332_2020_b,1997332,"Ellison, Andrew",40,2020,Sr,P,3,0.0,0.0,0.0,0.0,0.0,0.0,0.0,0.0,0.0,0.0,0.0,0.0,0.0,0.0,0.0,0.0,0.0,0.0,0.0,0.0,0.0,0.0,http://stats.ncaa.org/player/index?game_sport_year_ctl_id=15204&org_id=167&stats_player_seq=1997332,0.0,0.0,,0.346,1.095,0.79689,0.81968,0.97083,1.28144,1.65008,2.0367,0.139,5.535,0.0,-0.0,-0.0
135,1884389_2019_b,1884389,"Wyatt, Colby",31,2019,Jr,P,13,10.0,0.0,0.0,0.0,0.0,0.0,0.0,0.0,0.0,0.0,0.0,0.0,0.0,0.0,0.0,0.0,0.0,0.0,0.0,0.0,0.0,0.0,http://stats.ncaa.org/player/index?game_sport_year_ctl_id=14781&stats_player_seq=1884389,0.0,0.0,,0.355,1.045,0.80637,0.82853,0.94698,1.29146,1.60941,1.89128,0.145,5.838,0.0,-0.0,-0.0
165,1997324_2020_b,1997324,"Urbon, Seth",20,2020,Sr,P,3,0.0,0.0,0.0,0.0,0.0,0.0,0.0,0.0,0.0,0.0,0.0,0.0,0.0,0.0,0.0,0.0,0.0,0.0,0.0,0.0,0.0,0.0,http://stats.ncaa.org/player/index?game_sport_year_ctl_id=15204&org_id=167&stats_player_seq=1997324,0.0,0.0,,0.346,1.095,0.79689,0.81968,0.97083,1.28144,1.65008,2.0367,0.139,5.535,0.0,-0.0,-0.0
137,2111755_2019_b,2111755,"Zacharias, Jon",32,2019,Fr,P,13,8.0,0.0,0.0,0.0,0.0,0.0,0.0,0.0,0.0,0.0,0.0,0.0,0.0,0.0,0.0,0.0,0.0,0.0,0.0,0.0,0.0,0.0,http://stats.ncaa.org/player/index?game_sport_year_ctl_id=14781&stats_player_seq=2111755,0.0,0.0,,0.355,1.045,0.80637,0.82853,0.94698,1.29146,1.60941,1.89128,0.145,5.838,0.0,-0.0,-0.0
138,1884390_2019_b,1884390,"Bemiss, Jeb",22,2019,Jr,P,12,6.0,0.0,0.0,0.0,0.0,0.0,0.0,0.0,0.0,0.0,0.0,0.0,0.0,0.0,0.0,0.0,0.0,0.0,0.0,0.0,0.0,0.0,http://stats.ncaa.org/player/index?game_sport_year_ctl_id=14781&stats_player_seq=1884390,0.0,0.0,,0.355,1.045,0.80637,0.82853,0.94698,1.29146,1.60941,1.89128,0.145,5.838,0.0,-0.0,-0.0
139,2111716_2019_b,2111716,"Cushing, Kevin",8,2019,Fr,P,11,0.0,0.0,0.0,0.0,0.0,0.0,0.0,0.0,0.0,0.0,0.0,0.0,0.0,0.0,0.0,0.0,0.0,0.0,0.0,0.0,0.0,0.0,http://stats.ncaa.org/player/index?game_sport_year_ctl_id=14781&stats_player_seq=2111716,0.0,0.0,,0.355,1.045,0.80637,0.82853,0.94698,1.29146,1.60941,1.89128,0.145,5.838,0.0,-0.0,-0.0
140,1997332_2019_b,1997332,"Ellison, Andrew",40,2019,Jr,P,11,2.0,0.0,0.0,0.0,0.0,0.0,0.0,0.0,0.0,0.0,0.0,0.0,0.0,0.0,0.0,0.0,0.0,0.0,0.0,0.0,0.0,0.0,http://stats.ncaa.org/player/index?game_sport_year_ctl_id=14781&stats_player_seq=1997332,0.0,0.0,,0.355,1.045,0.80637,0.82853,0.94698,1.29146,1.60941,1.89128,0.145,5.838,0.0,-0.0,-0.0
141,1779080_2019_b,1779080,"Arnold, Austin",16,2019,Sr,P,8,0.0,0.0,0.0,0.0,0.0,0.0,0.0,0.0,0.0,0.0,0.0,0.0,0.0,0.0,0.0,0.0,0.0,0.0,0.0,0.0,0.0,0.0,http://stats.ncaa.org/player/index?game_sport_year_ctl_id=14781&stats_player_seq=1779080,0.0,0.0,,0.355,1.045,0.80637,0.82853,0.94698,1.29146,1.60941,1.89128,0.145,5.838,0.0,-0.0,-0.0
142,1997324_2019_b,1997324,"Urbon, Seth",20,2019,Jr,P,7,7.0,0.0,0.0,0.0,0.0,0.0,0.0,0.0,0.0,0.0,0.0,0.0,0.0,0.0,0.0,0.0,0.0,0.0,0.0,0.0,0.0,0.0,http://stats.ncaa.org/player/index?game_sport_year_ctl_id=14781&stats_player_seq=1997324,0.0,0.0,,0.355,1.045,0.80637,0.82853,0.94698,1.29146,1.60941,1.89128,0.145,5.838,0.0,-0.0,-0.0
166,1884389_2020_b,1884389,"Wyatt, Colby",31,2020,Sr,P,3,3.0,0.0,0.0,0.0,0.0,0.0,0.0,0.0,0.0,0.0,0.0,0.0,0.0,0.0,0.0,0.0,0.0,0.0,0.0,0.0,0.0,0.0,http://stats.ncaa.org/player/index?game_sport_year_ctl_id=15204&org_id=167&stats_player_seq=1884389,0.0,0.0,,0.346,1.095,0.79689,0.81968,0.97083,1.28144,1.65008,2.0367,0.139,5.535,0.0,-0.0,-0.0
164,1997345_2020_b,1997345,"Davis, Trevor Daniel",26,2020,Jr,P,3,0.0,0.0,0.0,0.0,0.0,0.0,0.0,0.0,0.0,0.0,0.0,0.0,0.0,0.0,0.0,0.0,0.0,0.0,0.0,0.0,0.0,0.0,http://stats.ncaa.org/player/index?game_sport_year_ctl_id=15204&org_id=167&stats_player_seq=1997345,0.0,0.0,,0.346,1.095,0.79689,0.81968,0.97083,1.28144,1.65008,2.0367,0.139,5.535,0.0,-0.0,-0.0
146,2111734_2019_b,2111734,"Gilbert, William",27,2019,Fr,P,2,0.0,0.0,0.0,0.0,0.0,0.0,0.0,0.0,0.0,0.0,0.0,0.0,0.0,0.0,0.0,0.0,0.0,0.0,0.0,0.0,0.0,0.0,http://stats.ncaa.org/player/index?game_sport_year_ctl_id=14781&stats_player_seq=2111734,0.0,0.0,,0.355,1.045,0.80637,0.82853,0.94698,1.29146,1.60941,1.89128,0.145,5.838,0.0,-0.0,-0.0
17,1324531_2015_b,1324531,"Upton, Eric",22,2015,Sr,P,10,2.0,0.0,0.0,0.0,0.0,0.0,0.0,0.0,0.0,0.0,0.0,0.0,0.0,0.0,0.0,0.0,0.0,0.0,0.0,0.0,0.0,0.0,http://stats.ncaa.org/player/index?game_sport_year_ctl_id=12080&stats_player_seq=1324531,0.0,0.0,,0.349,1.105,0.79783,0.82336,0.95064,1.32426,1.64098,1.9648,0.137,5.425,0.0,-0.0,-0.0
163,2111755_2020_b,2111755,"Zacharias, Jon",32,2020,So,P,3,0.0,0.0,0.0,0.0,0.0,0.0,0.0,0.0,0.0,0.0,0.0,0.0,0.0,0.0,0.0,0.0,0.0,0.0,0.0,0.0,0.0,0.0,http://stats.ncaa.org/player/index?game_sport_year_ctl_id=15204&org_id=167&stats_player_seq=2111755,0.0,0.0,,0.346,1.095,0.79689,0.81968,0.97083,1.28144,1.65008,2.0367,0.139,5.535,0.0,-0.0,-0.0
16,1324535_2015_b,1324535,"Busto, Nick",32,2015,Sr,P,11,6.0,0.0,0.0,0.0,0.0,0.0,0.0,0.0,0.0,0.0,0.0,0.0,0.0,0.0,0.0,0.0,0.0,0.0,0.0,0.0,0.0,0.0,http://stats.ncaa.org/player/index?game_sport_year_ctl_id=12080&stats_player_seq=1324535,0.0,0.0,,0.349,1.105,0.79783,0.82336,0.95064,1.32426,1.64098,1.9648,0.137,5.425,0.0,-0.0,-0.0
15,1439152_2015_b,1439152,"Byrne, Michael",28,2015,Jr,P,12,8.0,0.0,0.0,0.0,1.0,0.0,0.0,0.0,0.0,0.0,0.0,0.0,0.0,0.0,0.0,0.0,0.0,0.0,0.0,0.0,0.0,0.0,http://stats.ncaa.org/player/index?game_sport_year_ctl_id=12080&stats_player_seq=1439152,0.0,0.0,,0.349,1.105,0.79783,0.82336,0.95064,1.32426,1.64098,1.9648,0.137,5.425,0.0,-0.0,-0.0
13,1546998_2015_b,1546998,"Balestrieri, Paul",20,2015,So,P,15,3.0,0.0,0.0,0.0,0.0,0.0,0.0,0.0,0.0,0.0,0.0,0.0,0.0,0.0,0.0,0.0,0.0,0.0,0.0,0.0,0.0,0.0,http://stats.ncaa.org/player/index?game_sport_year_ctl_id=12080&stats_player_seq=1546998,0.0,0.0,,0.349,1.105,0.79783,0.82336,0.95064,1.32426,1.64098,1.9648,0.137,5.425,0.0,-0.0,-0.0
55,1783016_2016_b,1783016,"Wahl, Austin",11,2016,Jr,P,8,1.0,0.0,0.0,0.0,0.0,0.0,0.0,0.0,0.0,0.0,0.0,0.0,0.0,0.0,0.0,0.0,0.0,0.0,0.0,0.0,0.0,0.0,http://stats.ncaa.org/player/index?game_sport_year_ctl_id=12360&stats_player_seq=1783016,0.0,0.0,,0.348,1.102,0.7854,0.7966,0.9524,1.3127,1.7083,1.96578,0.139,5.536,0.0,-0.0,-0.0
115,1997331_2018_b,1997331,"Bailey, Garrett",29,2018,Fr,P,4,0.0,0.0,0.0,0.0,0.0,0.0,0.0,0.0,0.0,0.0,0.0,0.0,0.0,0.0,0.0,0.0,0.0,0.0,0.0,0.0,0.0,0.0,http://stats.ncaa.org/player/index?game_sport_year_ctl_id=12973&stats_player_seq=1997331,0.0,0.0,,0.354,1.075,0.79647,0.81863,0.94821,1.31856,1.62259,1.93642,0.141,5.626,0.0,-0.0,-0.0
120,1884378_2018_b,1884378,"Natoli, John",4,2018,So,P,1,0.0,0.0,0.0,0.0,0.0,0.0,0.0,0.0,0.0,0.0,0.0,0.0,0.0,0.0,0.0,0.0,0.0,0.0,0.0,0.0,0.0,0.0,http://stats.ncaa.org/player/index?game_sport_year_ctl_id=12973&stats_player_seq=1884378,0.0,0.0,,0.354,1.075,0.79647,0.81863,0.94821,1.31856,1.62259,1.93642,0.141,5.626,0.0,-0.0,-0.0
74,1652420_2017_b,1652420,"Lannoo, Peter",39,2017,Sr,P,17,0.0,0.0,0.0,0.0,0.0,0.0,0.0,0.0,0.0,0.0,0.0,0.0,0.0,0.0,0.0,0.0,0.0,0.0,0.0,0.0,0.0,0.0,http://stats.ncaa.org/player/index?game_sport_year_ctl_id=12560&stats_player_seq=1652420,0.0,0.0,,0.351,1.092,0.77729,0.79205,0.94322,1.30842,1.70758,1.95513,0.143,5.694,0.0,-0.0,-0.0
85,1884389_2017_b,1884389,"Wyatt, Colby",31,2017,Fr,P,8,2.0,0.0,0.0,0.0,0.0,0.0,0.0,0.0,0.0,0.0,0.0,0.0,0.0,0.0,0.0,0.0,0.0,0.0,0.0,0.0,0.0,0.0,http://stats.ncaa.org/player/index?game_sport_year_ctl_id=12560&stats_player_seq=1884389,0.0,0.0,,0.351,1.092,0.77729,0.79205,0.94322,1.30842,1.70758,1.95513,0.143,5.694,0.0,-0.0,-0.0
83,1652395_2017_b,1652395,"Lewis, Justin",26,2017,Jr,P,9,8.0,0.0,0.0,0.0,0.0,0.0,0.0,0.0,0.0,0.0,0.0,0.0,0.0,0.0,0.0,0.0,0.0,0.0,0.0,0.0,0.0,0.0,http://stats.ncaa.org/player/index?game_sport_year_ctl_id=12560&stats_player_seq=1652395,0.0,0.0,,0.351,1.092,0.77729,0.79205,0.94322,1.30842,1.70758,1.95513,0.143,5.694,0.0,-0.0,-0.0
81,1546998_2017_b,1546998,"Balestrieri, Paul",22,2017,Sr,P,9,9.0,0.0,0.0,0.0,0.0,0.0,0.0,0.0,0.0,0.0,0.0,0.0,0.0,0.0,0.0,0.0,0.0,0.0,0.0,0.0,0.0,0.0,http://stats.ncaa.org/player/index?game_sport_year_ctl_id=12560&stats_player_seq=1546998,0.0,0.0,,0.351,1.092,0.77729,0.79205,0.94322,1.30842,1.70758,1.95513,0.143,5.694,0.0,-0.0,-0.0
80,1547000_2017_b,1547000,"Willittes, Tim",29,2017,Sr,P,10,9.0,0.0,0.0,0.0,0.0,0.0,0.0,0.0,0.0,0.0,0.0,0.0,0.0,0.0,0.0,0.0,0.0,0.0,0.0,0.0,0.0,0.0,http://stats.ncaa.org/player/index?game_sport_year_ctl_id=12560&stats_player_seq=1547000,0.0,0.0,,0.351,1.092,0.77729,0.79205,0.94322,1.30842,1.70758,1.95513,0.143,5.694,0.0,-0.0,-0.0
79,1546994_2017_b,1546994,"Soltis, Scott",7,2017,Sr,P,10,4.0,0.0,0.0,0.0,0.0,0.0,0.0,0.0,0.0,0.0,0.0,0.0,0.0,0.0,0.0,0.0,0.0,0.0,0.0,0.0,0.0,0.0,http://stats.ncaa.org/player/index?game_sport_year_ctl_id=12560&stats_player_seq=1546994,0.0,0.0,,0.351,1.092,0.77729,0.79205,0.94322,1.30842,1.70758,1.95513,0.143,5.694,0.0,-0.0,-0.0
78,1884378_2017_b,1884378,"Natoli, John",4,2017,Fr,P,11,0.0,0.0,0.0,0.0,0.0,0.0,0.0,0.0,0.0,0.0,0.0,0.0,0.0,0.0,0.0,0.0,0.0,0.0,0.0,0.0,0.0,0.0,http://stats.ncaa.org/player/index?game_sport_year_ctl_id=12560&stats_player_seq=1884378,0.0,0.0,,0.351,1.092,0.77729,0.79205,0.94322,1.30842,1.70758,1.95513,0.143,5.694,0.0,-0.0,-0.0
77,1884391_2017_b,1884391,"Horton, Matt",37,2017,Sr,P,13,0.0,0.0,0.0,0.0,0.0,0.0,0.0,0.0,0.0,0.0,0.0,0.0,0.0,0.0,0.0,0.0,0.0,0.0,0.0,0.0,0.0,0.0,http://stats.ncaa.org/player/index?game_sport_year_ctl_id=12560&stats_player_seq=1884391,0.0,0.0,,0.351,1.092,0.77729,0.79205,0.94322,1.30842,1.70758,1.95513,0.143,5.694,0.0,-0.0,-0.0
76,1884390_2017_b,1884390,"Bemiss, Jeb",32,2017,Fr,P,13,0.0,0.0,0.0,0.0,0.0,0.0,0.0,0.0,0.0,0.0,0.0,0.0,0.0,0.0,0.0,0.0,0.0,0.0,0.0,0.0,0.0,0.0,http://stats.ncaa.org/player/index?game_sport_year_ctl_id=12560&stats_player_seq=1884390,0.0,0.0,,0.351,1.092,0.77729,0.79205,0.94322,1.30842,1.70758,1.95513,0.143,5.694,0.0,-0.0,-0.0
75,1779083_2017_b,1779083,"Flynn, Jamie",23,2017,Sr,P,13,0.0,0.0,0.0,0.0,0.0,0.0,0.0,0.0,0.0,0.0,0.0,0.0,0.0,0.0,0.0,0.0,0.0,0.0,0.0,0.0,0.0,0.0,http://stats.ncaa.org/player/index?game_sport_year_ctl_id=12560&stats_player_seq=1779083,0.0,0.0,,0.351,1.092,0.77729,0.79205,0.94322,1.30842,1.70758,1.95513,0.143,5.694,0.0,-0.0,-0.0
43,1779083_2016_b,1779083,"Flynn, Jamie",23,2016,Jr,P,15,0.0,0.0,0.0,0.0,0.0,0.0,0.0,0.0,0.0,0.0,0.0,0.0,0.0,0.0,0.0,0.0,0.0,0.0,0.0,0.0,0.0,0.0,http://stats.ncaa.org/player/index?game_sport_year_ctl_id=12360&stats_player_seq=1779083,0.0,0.0,,0.348,1.102,0.7854,0.7966,0.9524,1.3127,1.7083,1.96578,0.139,5.536,0.0,-0.0,-0.0
89,1779082_2017_b,1779082,"Pannullo, Rob",20,2017,Sr,P,2,0.0,0.0,0.0,0.0,0.0,0.0,0.0,0.0,0.0,0.0,0.0,0.0,0.0,0.0,0.0,0.0,0.0,0.0,0.0,0.0,0.0,0.0,http://stats.ncaa.org/player/index?game_sport_year_ctl_id=12560&stats_player_seq=1779082,0.0,0.0,,0.351,1.092,0.77729,0.79205,0.94322,1.30842,1.70758,1.95513,0.143,5.694,0.0,-0.0,-0.0
44,1652395_2016_b,1652395,"Lewis, Justin",26,2016,So,P,14,4.0,0.0,0.0,0.0,0.0,0.0,0.0,0.0,0.0,0.0,0.0,0.0,0.0,0.0,0.0,0.0,0.0,0.0,0.0,0.0,0.0,0.0,http://stats.ncaa.org/player/index?game_sport_year_ctl_id=12360&stats_player_seq=1652395,0.0,0.0,,0.348,1.102,0.7854,0.7966,0.9524,1.3127,1.7083,1.96578,0.139,5.536,0.0,-0.0,-0.0
47,1546994_2016_b,1546994,"Soltis, Scott",7,2016,Jr,P,13,2.0,0.0,0.0,0.0,0.0,0.0,0.0,0.0,0.0,0.0,0.0,0.0,0.0,0.0,0.0,0.0,0.0,0.0,0.0,0.0,0.0,0.0,http://stats.ncaa.org/player/index?game_sport_year_ctl_id=12360&stats_player_seq=1546994,0.0,0.0,,0.348,1.102,0.7854,0.7966,0.9524,1.3127,1.7083,1.96578,0.139,5.536,0.0,-0.0,-0.0
49,1439152_2016_b,1439152,"Byrne, Michael",28,2016,Sr,P,12,5.0,0.0,0.0,0.0,0.0,0.0,0.0,0.0,0.0,0.0,0.0,0.0,0.0,0.0,0.0,0.0,0.0,0.0,0.0,0.0,0.0,0.0,http://stats.ncaa.org/player/index?game_sport_year_ctl_id=12360&stats_player_seq=1439152,0.0,0.0,,0.348,1.102,0.7854,0.7966,0.9524,1.3127,1.7083,1.96578,0.139,5.536,0.0,-0.0,-0.0
50,1546998_2016_b,1546998,"Balestrieri, Paul",20,2016,Jr,P,11,9.0,0.0,0.0,0.0,0.0,0.0,0.0,0.0,0.0,0.0,0.0,0.0,0.0,0.0,0.0,0.0,0.0,0.0,0.0,0.0,0.0,0.0,http://stats.ncaa.org/player/index?game_sport_year_ctl_id=12360&stats_player_seq=1546998,0.0,0.0,,0.348,1.102,0.7854,0.7966,0.9524,1.3127,1.7083,1.96578,0.139,5.536,0.0,-0.0,-0.0
51,1779079_2016_b,1779079,"Saks, Adam",13,2016,Fr,P,11,0.0,0.0,0.0,0.0,0.0,0.0,0.0,0.0,0.0,0.0,0.0,0.0,0.0,0.0,0.0,0.0,0.0,0.0,0.0,0.0,0.0,0.0,http://stats.ncaa.org/player/index?game_sport_year_ctl_id=12360&stats_player_seq=1779079,0.0,0.0,,0.348,1.102,0.7854,0.7966,0.9524,1.3127,1.7083,1.96578,0.139,5.536,0.0,-0.0,-0.0
52,1546997_2016_b,1546997,"Veenema, Ryne",12,2016,Jr,P,10,0.0,0.0,0.0,0.0,0.0,0.0,0.0,0.0,0.0,0.0,0.0,0.0,0.0,0.0,0.0,0.0,0.0,0.0,0.0,0.0,0.0,0.0,http://stats.ncaa.org/player/index?game_sport_year_ctl_id=12360&stats_player_seq=1546997,0.0,0.0,,0.348,1.102,0.7854,0.7966,0.9524,1.3127,1.7083,1.96578,0.139,5.536,0.0,-0.0,-0.0
53,1652420_2016_b,1652420,"Lannoo, Peter",39,2016,Jr,P,10,7.0,0.0,0.0,0.0,0.0,0.0,0.0,0.0,0.0,0.0,0.0,0.0,0.0,0.0,0.0,0.0,0.0,0.0,0.0,0.0,0.0,0.0,http://stats.ncaa.org/player/index?game_sport_year_ctl_id=12360&stats_player_seq=1652420,0.0,0.0,,0.348,1.102,0.7854,0.7966,0.9524,1.3127,1.7083,1.96578,0.139,5.536,0.0,-0.0,-0.0
60,1439154_2016_b,1439154,"McGee, Collin",31,2016,Sr,P,4,1.0,0.0,0.0,0.0,0.0,0.0,0.0,0.0,0.0,0.0,0.0,0.0,0.0,0.0,0.0,0.0,0.0,0.0,0.0,0.0,0.0,0.0,http://stats.ncaa.org/player/index?game_sport_year_ctl_id=12360&stats_player_seq=1439154,0.0,0.0,,0.348,1.102,0.7854,0.7966,0.9524,1.3127,1.7083,1.96578,0.139,5.536,0.0,-0.0,-0.0
54,1779080_2016_b,1779080,"Arnold, Austin",16,2016,Fr,P,8,0.0,0.0,0.0,0.0,0.0,0.0,0.0,0.0,0.0,0.0,0.0,0.0,0.0,0.0,0.0,0.0,0.0,0.0,0.0,0.0,0.0,0.0,http://stats.ncaa.org/player/index?game_sport_year_ctl_id=12360&stats_player_seq=1779080,0.0,0.0,,0.348,1.102,0.7854,0.7966,0.9524,1.3127,1.7083,1.96578,0.139,5.536,0.0,-0.0,-0.0
88,1779079_2017_b,1779079,"Saks, Adam",13,2017,So,P,3,0.0,0.0,0.0,0.0,0.0,0.0,0.0,0.0,0.0,0.0,0.0,0.0,0.0,0.0,0.0,0.0,0.0,0.0,0.0,0.0,0.0,0.0,http://stats.ncaa.org/player/index?game_sport_year_ctl_id=12560&stats_player_seq=1779079,0.0,0.0,,0.351,1.092,0.77729,0.79205,0.94322,1.30842,1.70758,1.95513,0.143,5.694,0.0,-0.0,-0.0
90,1779081_2017_b,1779081,"Morris, Parker",17,2017,So,OF,1,1.0,0.0,0.0,0.0,0.0,0.0,0.0,0.0,0.0,0.0,0.0,0.0,0.0,0.0,0.0,0.0,0.0,0.0,0.0,0.0,0.0,0.0,http://stats.ncaa.org/player/index?game_sport_year_ctl_id=12560&stats_player_seq=1779081,0.0,0.0,,0.351,1.092,0.77729,0.79205,0.94322,1.30842,1.70758,1.95513,0.143,5.694,0.0,-0.0,-0.0
23,1652420_2015_b,1652420,"Lannoo, Peter",39,2015,Fr,P,6,0.0,0.0,0.0,0.0,0.0,0.0,0.0,0.0,0.0,0.0,0.0,0.0,0.0,0.0,0.0,0.0,0.0,0.0,0.0,0.0,0.0,0.0,http://stats.ncaa.org/player/index?game_sport_year_ctl_id=12080&stats_player_seq=1652420,0.0,0.0,,0.349,1.105,0.79783,0.82336,0.95064,1.32426,1.64098,1.9648,0.137,5.425,0.0,-0.0,-0.0
109,1779079_2018_b,1779079,"Saks, Adam",13,2018,Jr,P,13,3.0,0.0,0.0,0.0,0.0,0.0,0.0,0.0,0.0,0.0,0.0,0.0,0.0,0.0,0.0,0.0,0.0,0.0,0.0,0.0,0.0,0.0,http://stats.ncaa.org/player/index?game_sport_year_ctl_id=12973&stats_player_seq=1779079,0.0,0.0,,0.354,1.075,0.79647,0.81863,0.94821,1.31856,1.62259,1.93642,0.141,5.626,0.0,-0.0,-0.0
118,1997325_2018_b,1997325,"Binnie, Nicholas",8,2018,Fr,P,2,0.0,0.0,0.0,0.0,0.0,0.0,0.0,0.0,0.0,0.0,0.0,0.0,0.0,0.0,0.0,0.0,0.0,0.0,0.0,0.0,0.0,0.0,http://stats.ncaa.org/player/index?game_sport_year_ctl_id=12973&stats_player_seq=1997325,0.0,0.0,,0.354,1.075,0.79647,0.81863,0.94821,1.31856,1.62259,1.93642,0.141,5.626,0.0,-0.0,-0.0
117,1779080_2018_b,1779080,"Arnold, Austin",16,2018,Jr,P,3,0.0,0.0,0.0,0.0,0.0,0.0,0.0,0.0,0.0,0.0,0.0,0.0,0.0,0.0,0.0,0.0,0.0,0.0,0.0,0.0,0.0,0.0,http://stats.ncaa.org/player/index?game_sport_year_ctl_id=12973&stats_player_seq=1779080,0.0,0.0,,0.354,1.075,0.79647,0.81863,0.94821,1.31856,1.62259,1.93642,0.141,5.626,0.0,-0.0,-0.0
116,1997345_2018_b,1997345,"Davis, Trevor Daniel",26,2018,Fr,P,4,0.0,0.0,0.0,0.0,0.0,0.0,0.0,0.0,0.0,0.0,0.0,0.0,0.0,0.0,0.0,0.0,0.0,0.0,0.0,0.0,0.0,0.0,http://stats.ncaa.org/player/index?game_sport_year_ctl_id=12973&stats_player_seq=1997345,0.0,0.0,,0.354,1.075,0.79647,0.81863,0.94821,1.31856,1.62259,1.93642,0.141,5.626,0.0,-0.0,-0.0
58,1779082_2016_b,1779082,"Pannullo, Rob",22,2016,Jr,P,5,0.0,0.0,0.0,0.0,0.0,0.0,0.0,0.0,0.0,0.0,0.0,0.0,0.0,0.0,0.0,0.0,0.0,0.0,0.0,0.0,0.0,0.0,http://stats.ncaa.org/player/index?game_sport_year_ctl_id=12360&stats_player_seq=1779082,0.0,0.0,,0.348,1.102,0.7854,0.7966,0.9524,1.3127,1.7083,1.96578,0.139,5.536,0.0,-0.0,-0.0
114,1778328_2018_b,1778328,"McMenamy, Owen",7,2018,Jr,P,5,0.0,0.0,0.0,0.0,0.0,0.0,0.0,0.0,0.0,0.0,0.0,0.0,0.0,0.0,0.0,0.0,0.0,0.0,0.0,0.0,0.0,0.0,http://stats.ncaa.org/player/index?game_sport_year_ctl_id=12973&stats_player_seq=1778328,0.0,0.0,,0.354,1.075,0.79647,0.81863,0.94821,1.31856,1.62259,1.93642,0.141,5.626,0.0,-0.0,-0.0
113,1652394_2018_b,1652394,"Fernandez, Tyler",23,2018,Sr,P,9,5.0,0.0,0.0,0.0,0.0,0.0,0.0,0.0,0.0,0.0,0.0,0.0,0.0,0.0,0.0,0.0,0.0,0.0,0.0,0.0,0.0,0.0,http://stats.ncaa.org/player/index?game_sport_year_ctl_id=12973&stats_player_seq=1652394,0.0,0.0,,0.354,1.075,0.79647,0.81863,0.94821,1.31856,1.62259,1.93642,0.141,5.626,0.0,-0.0,-0.0
112,1884404_2018_b,1884404,"Morris, Tommy",9,2018,Sr,P,9,5.0,0.0,0.0,0.0,0.0,0.0,0.0,0.0,0.0,0.0,0.0,0.0,0.0,0.0,0.0,0.0,0.0,0.0,0.0,0.0,0.0,0.0,http://stats.ncaa.org/player/index?game_sport_year_ctl_id=12973&stats_player_seq=1884404,0.0,0.0,,0.354,1.075,0.79647,0.81863,0.94821,1.31856,1.62259,1.93642,0.141,5.626,0.0,-0.0,-0.0
111,1547000_2018_b,1547000,"Willittes, Tim",36,2018,Sr,P,11,11.0,0.0,0.0,0.0,0.0,0.0,0.0,0.0,0.0,0.0,0.0,0.0,0.0,0.0,0.0,0.0,0.0,0.0,0.0,0.0,0.0,0.0,http://stats.ncaa.org/player/index?game_sport_year_ctl_id=12973&stats_player_seq=1547000,0.0,0.0,,0.354,1.075,0.79647,0.81863,0.94821,1.31856,1.62259,1.93642,0.141,5.626,0.0,-0.0,-0.0
110,1997324_2018_b,1997324,"Urbon, Seth",20,2018,So,P,12,10.0,0.0,0.0,0.0,0.0,0.0,0.0,0.0,0.0,0.0,0.0,0.0,0.0,0.0,0.0,0.0,0.0,0.0,0.0,0.0,0.0,0.0,http://stats.ncaa.org/player/index?game_sport_year_ctl_id=12973&stats_player_seq=1997324,0.0,0.0,,0.354,1.075,0.79647,0.81863,0.94821,1.31856,1.62259,1.93642,0.141,5.626,0.0,-0.0,-0.0
108,1884390_2018_b,1884390,"Bemiss, Jeb",22,2018,So,P,15,2.0,0.0,0.0,0.0,0.0,0.0,0.0,0.0,0.0,0.0,0.0,0.0,0.0,0.0,0.0,0.0,0.0,0.0,0.0,0.0,0.0,0.0,http://stats.ncaa.org/player/index?game_sport_year_ctl_id=12973&stats_player_seq=1884390,0.0,0.0,,0.354,1.075,0.79647,0.81863,0.94821,1.31856,1.62259,1.93642,0.141,5.626,0.0,-0.0,-0.0
91,1884387_2017_b,1884387,"Cintron, Nick",28,2017,Fr,P,1,0.0,0.0,0.0,0.0,0.0,0.0,0.0,0.0,0.0,0.0,0.0,0.0,0.0,0.0,0.0,0.0,0.0,0.0,0.0,0.0,0.0,0.0,http://stats.ncaa.org/player/index?game_sport_year_ctl_id=12560&stats_player_seq=1884387,0.0,0.0,,0.351,1.092,0.77729,0.79205,0.94322,1.30842,1.70758,1.95513,0.143,5.694,0.0,-0.0,-0.0
107,1783016_2018_b,1783016,"Wahl, Austin",11,2018,Sr,P,16,1.0,0.0,0.0,0.0,0.0,0.0,0.0,0.0,0.0,0.0,0.0,0.0,0.0,0.0,0.0,0.0,0.0,0.0,0.0,0.0,0.0,0.0,http://stats.ncaa.org/player/index?game_sport_year_ctl_id=12973&stats_player_seq=1783016,0.0,0.0,,0.354,1.075,0.79647,0.81863,0.94821,1.31856,1.62259,1.93642,0.141,5.626,0.0,-0.0,-0.0
25,1324534_2015_b,1324534,"Suppa, Roberto",33,2015,Sr,P,5,1.0,0.0,0.0,0.0,0.0,0.0,0.0,0.0,0.0,0.0,0.0,0.0,0.0,0.0,0.0,0.0,0.0,0.0,0.0,0.0,0.0,0.0,http://stats.ncaa.org/player/index?game_sport_year_ctl_id=12080&stats_player_seq=1324534,0.0,0.0,,0.349,1.105,0.79783,0.82336,0.95064,1.32426,1.64098,1.9648,0.137,5.425,0.0,-0.0,-0.0
105,1997332_2018_b,1997332,"Ellison, Andrew",40,2018,So,P,16,0.0,0.0,0.0,0.0,0.0,0.0,0.0,0.0,0.0,0.0,0.0,0.0,0.0,0.0,0.0,0.0,0.0,0.0,0.0,0.0,0.0,0.0,http://stats.ncaa.org/player/index?game_sport_year_ctl_id=12973&stats_player_seq=1997332,0.0,0.0,,0.354,1.075,0.79647,0.81863,0.94821,1.31856,1.62259,1.93642,0.141,5.626,0.0,-0.0,-0.0
26,1547001_2015_b,1547001,"Brewer, Ray",37,2015,So,P,5,0.0,0.0,0.0,0.0,0.0,0.0,0.0,0.0,0.0,0.0,0.0,0.0,0.0,0.0,0.0,0.0,0.0,0.0,0.0,0.0,0.0,0.0,http://stats.ncaa.org/player/index?game_sport_year_ctl_id=12080&stats_player_seq=1547001,0.0,0.0,,0.349,1.105,0.79783,0.82336,0.95064,1.32426,1.64098,1.9648,0.137,5.425,0.0,-0.0,-0.0
102,1884389_2018_b,1884389,"Wyatt, Colby",31,2018,So,P,19,0.0,0.0,0.0,0.0,0.0,0.0,0.0,0.0,0.0,0.0,0.0,0.0,0.0,0.0,0.0,0.0,0.0,0.0,0.0,0.0,0.0,0.0,http://stats.ncaa.org/player/index?game_sport_year_ctl_id=12973&stats_player_seq=1884389,0.0,0.0,,0.354,1.075,0.79647,0.81863,0.94821,1.31856,1.62259,1.93642,0.141,5.626,0.0,-0.0,-0.0
27,1652392_2015_b,1652392,"McCulley, Zach",26,2015,Sr,P,4,2.0,0.0,0.0,0.0,0.0,0.0,0.0,0.0,0.0,0.0,0.0,0.0,0.0,0.0,0.0,0.0,0.0,0.0,0.0,0.0,0.0,0.0,http://stats.ncaa.org/player/index?game_sport_year_ctl_id=12080&stats_player_seq=1652392,0.0,0.0,,0.349,1.105,0.79783,0.82336,0.95064,1.32426,1.64098,1.9648,0.137,5.425,0.0,-0.0,-0.0
28,1546997_2015_b,1546997,"Veenema, Ryne",12,2015,So,P,3,0.0,0.0,0.0,0.0,0.0,0.0,0.0,0.0,0.0,0.0,0.0,0.0,0.0,0.0,0.0,0.0,0.0,0.0,0.0,0.0,0.0,0.0,http://stats.ncaa.org/player/index?game_sport_year_ctl_id=12080&stats_player_seq=1546997,0.0,0.0,,0.349,1.105,0.79783,0.82336,0.95064,1.32426,1.64098,1.9648,0.137,5.425,0.0,-0.0,-0.0
29,1439149_2015_b,1439149,"Horton, Matt",21,2015,Jr,P,3,0.0,0.0,0.0,0.0,0.0,0.0,0.0,0.0,0.0,0.0,0.0,0.0,0.0,0.0,0.0,0.0,0.0,0.0,0.0,0.0,0.0,0.0,http://stats.ncaa.org/player/index?game_sport_year_ctl_id=12080&stats_player_seq=1439149,0.0,0.0,,0.349,1.105,0.79783,0.82336,0.95064,1.32426,1.64098,1.9648,0.137,5.425,0.0,-0.0,-0.0
30,1546994_2015_b,1546994,"Soltis, Scott",7,2015,So,P,1,0.0,0.0,0.0,0.0,0.0,0.0,0.0,0.0,0.0,0.0,0.0,0.0,0.0,0.0,0.0,0.0,0.0,0.0,0.0,0.0,0.0,0.0,http://stats.ncaa.org/player/index?game_sport_year_ctl_id=12080&stats_player_seq=1546994,0.0,0.0,,0.349,1.105,0.79783,0.82336,0.95064,1.32426,1.64098,1.9648,0.137,5.425,0.0,-0.0,-0.0
86,1884404_2017_b,1884404,"Morris, Tommy",34,2017,Sr,P,5,5.0,0.0,0.0,0.0,0.0,0.0,0.0,0.0,0.0,0.0,0.0,0.0,0.0,0.0,0.0,0.0,0.0,0.0,0.0,0.0,0.0,0.0,http://stats.ncaa.org/player/index?game_sport_year_ctl_id=12560&stats_player_seq=1884404,0.0,0.0,,0.351,1.092,0.77729,0.79205,0.94322,1.30842,1.70758,1.95513,0.143,5.694,0.0,-0.0,-0.0
