,player_id,player_name,jersey_number,season,class_year,position,GP,App,GS,ERA,IP,H,R,ER,BB,SO,SHO,BF,P-OAB,2B-A,3B-A,Bk,HR-A,WP,HB,IBB,Inh Run,Inh Run Score,SHA,SFA,Pitches,GO,FO,W,L,SV,KL,player_url,cFIP,FIP,WHIP
8,1652420,"Lannoo, Peter",39,2015,Fr,P,6,6,0.0,2.61,10.329999999999998,10,3.0,3.0,1,10.0,0.0,41,38,2.0,1.0,0.0,0.0,2.0,0.0,0.0,12.0,6.0,2.0,0.0,70.0,13.0,6.0,0.0,0.0,0.0,4.0,http://stats.ncaa.org/player/index?game_sport_year_ctl_id=12080&stats_player_seq=1652420,3.733,2.087,1.065
45,1779081,"Morris, Parker",17,2017,So,OF,1,1,1.0,6.75,4.0,5,3.0,3.0,0,5.0,0.0,18,16,3.0,0.0,0.0,0.0,0.0,1.0,0.0,0.0,0.0,0.0,1.0,0.0,2.0,4.0,0.0,0.0,0.0,0.0,http://stats.ncaa.org/player/index?game_sport_year_ctl_id=12560&stats_player_seq=1779081,3.861,2.111,1.25
62,1884378,"Natoli, John",34,2019,Jr,P,19,19,1.0,1.73,36.330000000000005,24,12.0,7.0,9,46.0,0.0,149,135,3.0,0.0,0.0,0.0,1.0,3.0,1.0,14.0,2.0,1.0,1.0,389.0,32.0,29.0,5.0,2.0,7.0,12.0,http://stats.ncaa.org/player/index?game_sport_year_ctl_id=14781&stats_player_seq=1884378,3.951,2.41,0.908
61,1884378,"Natoli, John",4,2018,So,P,1,1,0.0,0.0,1.6599999999999997,1,0.0,0.0,0,1.0,0.0,6,6,0.0,0.0,0.0,0.0,0.0,0.0,0.0,2.0,1.0,0.0,0.0,23.0,2.0,2.0,0.0,0.0,0.0,1.0,http://stats.ncaa.org/player/index?game_sport_year_ctl_id=12973&stats_player_seq=1884378,3.841,2.636,0.602
80,1884378,"Natoli, John",34,2020,Sr,P,3,3,3.0,0.82,11.0,10,1.0,1.0,3,13.0,0.0,44,40,1.0,0.0,0.0,0.0,2.0,1.0,0.0,0.0,0.0,0.0,0.0,79.0,7.0,10.0,1.0,0.0,0.0,4.0,http://stats.ncaa.org/player/index?game_sport_year_ctl_id=15204&org_id=167&stats_player_seq=1884378,3.909,2.636,1.182
3,1439152,"Byrne, Michael",28,2015,Jr,P,12,10,8.0,7.32,35.66000000000001,45,40.0,29.0,19,45.0,0.0,174,146,4.0,0.0,0.0,0.0,5.0,2.0,0.0,0.0,0.0,5.0,2.0,150.0,33.0,25.0,1.0,7.0,1.0,20.0,http://stats.ncaa.org/player/index?game_sport_year_ctl_id=12080&stats_player_seq=1439152,3.733,2.976,1.795
57,1997331,"Bailey, Garrett",29,2018,Fr,P,4,4,0.0,11.57,2.33,7,3.0,3.0,0,1.0,0.0,14,14,1.0,0.0,0.0,0.0,1.0,0.0,0.0,4.0,1.0,0.0,0.0,33.0,4.0,2.0,0.0,1.0,0.0,0.0,http://stats.ncaa.org/player/index?game_sport_year_ctl_id=12973&stats_player_seq=1997331,3.841,2.983,3.004
6,1332286,"Urbon, Kellen",13,2015,Jr,P,9,9,9.0,2.36,45.66000000000001,48,22.0,12.0,11,32.0,1.0,195,179,12.0,0.0,1.0,0.0,3.0,2.0,0.0,0.0,0.0,2.0,1.0,207.0,52.0,40.0,2.0,4.0,0.0,13.0,http://stats.ncaa.org/player/index?game_sport_year_ctl_id=12080&stats_player_seq=1332286,3.733,3.185,1.292
30,1779082,"Pannullo, Rob",22,2016,Jr,P,5,5,0.0,6.14,7.329999999999999,8,5.0,5.0,2,5.0,0.0,33,30,2.0,0.0,0.0,0.0,1.0,0.0,0.0,2.0,0.0,0.0,1.0,0.0,8.0,9.0,1.0,0.0,1.0,3.0,http://stats.ncaa.org/player/index?game_sport_year_ctl_id=12360&stats_player_seq=1779082,3.822,3.276,1.364
59,1779080,"Arnold, Austin",16,2018,Jr,P,3,3,0.0,0.0,3.6600000000000006,3,1.0,0.0,1,4.0,0.0,17,14,0.0,0.0,0.0,0.0,1.0,1.0,0.0,0.0,0.0,0.0,1.0,47.0,1.0,6.0,0.0,0.0,0.0,1.0,http://stats.ncaa.org/player/index?game_sport_year_ctl_id=12973&stats_player_seq=1779080,3.841,3.295,1.093
74,2111707,"Lillios, Nikolas",1,2020,So,P,5,5,0.0,1.69,5.329999999999999,7,1.0,1.0,1,3.0,0.0,23,21,0.0,1.0,0.0,0.0,0.0,0.0,0.0,1.0,1.0,1.0,0.0,76.0,6.0,6.0,0.0,0.0,0.0,1.0,http://stats.ncaa.org/player/index?game_sport_year_ctl_id=15204&org_id=167&stats_player_seq=2111707,3.909,3.346,1.501
47,1884389,"Wyatt, Colby",31,2018,So,P,19,19,0.0,3.65,24.659999999999997,24,12.0,10.0,14,28.0,0.0,112,93,5.0,0.0,0.0,0.0,8.0,1.0,0.0,19.0,8.0,2.0,2.0,159.0,20.0,23.0,0.0,1.0,2.0,11.0,http://stats.ncaa.org/player/index?game_sport_year_ctl_id=12973&stats_player_seq=1884389,3.841,3.395,1.541
5,1324531,"Upton, Eric",22,2015,Sr,P,10,10,2.0,6.0,33.0,43,27.0,22.0,6,29.0,0.0,154,143,7.0,3.0,0.0,2.0,0.0,3.0,1.0,4.0,0.0,2.0,0.0,225.0,45.0,24.0,2.0,4.0,0.0,9.0,http://stats.ncaa.org/player/index?game_sport_year_ctl_id=12080&stats_player_seq=1324531,3.733,3.581,1.485
53,1547000,"Willittes, Tim",36,2018,Sr,P,11,11,11.0,5.56,68.0,81,47.0,42.0,17,54.0,0.0,302,274,23.0,1.0,0.0,3.0,9.0,3.0,0.0,0.0,0.0,2.0,6.0,257.0,71.0,69.0,4.0,4.0,0.0,24.0,http://stats.ncaa.org/player/index?game_sport_year_ctl_id=12973&stats_player_seq=1547000,3.841,3.709,1.441
58,1997345,"Davis, Trevor Daniel",26,2018,Fr,P,4,4,0.0,3.38,2.6600000000000006,4,1.0,1.0,2,3.0,0.0,13,10,1.0,0.0,0.0,0.0,1.0,0.0,0.0,0.0,0.0,0.0,1.0,26.0,3.0,1.0,0.0,0.0,0.0,2.0,http://stats.ncaa.org/player/index?game_sport_year_ctl_id=12973&stats_player_seq=1997345,3.841,3.841,2.256
32,1652420,"Lannoo, Peter",39,2017,Sr,P,17,17,0.0,3.86,21.0,20,9.0,9.0,6,16.0,0.0,85,77,1.0,1.0,0.0,1.0,0.0,1.0,0.0,9.0,0.0,1.0,0.0,184.0,19.0,21.0,0.0,0.0,8.0,3.0,http://stats.ncaa.org/player/index?game_sport_year_ctl_id=12560&stats_player_seq=1652420,3.861,3.956,1.238
63,2111707,"Lillios, Nikolas",1,2019,Fr,P,15,9,0.0,3.27,11.0,12,5.0,4.0,3,4.0,0.0,45,40,3.0,0.0,1.0,0.0,0.0,0.0,0.0,8.0,3.0,0.0,2.0,57.0,13.0,13.0,0.0,0.0,0.0,2.0,http://stats.ncaa.org/player/index?game_sport_year_ctl_id=14781&stats_player_seq=2111707,3.951,4.042,1.364
24,1546998,"Balestrieri, Paul",20,2016,Jr,P,11,11,9.0,5.51,49.0,53,35.0,30.0,22,35.0,0.0,222,192,8.0,3.0,1.0,1.0,6.0,1.0,0.0,4.0,1.0,5.0,1.0,207.0,68.0,34.0,2.0,6.0,0.0,11.0,http://stats.ncaa.org/player/index?game_sport_year_ctl_id=12360&stats_player_seq=1546998,3.822,4.067,1.531
65,2111755,"Zacharias, Jon",32,2019,Fr,P,13,13,8.0,2.83,41.330000000000005,37,15.0,13.0,14,30.0,0.0,174,150,7.0,0.0,1.0,1.0,3.0,4.0,0.0,1.0,0.0,3.0,3.0,407.0,45.0,42.0,1.0,3.0,0.0,10.0,http://stats.ncaa.org/player/index?game_sport_year_ctl_id=14781&stats_player_seq=2111755,3.951,4.12,1.234
39,1546998,"Balestrieri, Paul",22,2017,Sr,P,9,9,9.0,2.18,57.66000000000001,49,23.0,14.0,15,36.0,0.0,243,218,4.0,2.0,0.0,2.0,2.0,6.0,0.0,0.0,0.0,1.0,3.0,402.0,95.0,28.0,5.0,4.0,0.0,13.0,http://stats.ncaa.org/player/index?game_sport_year_ctl_id=12560&stats_player_seq=1546998,3.861,4.156,1.11
33,1779083,"Flynn, Jamie",23,2017,Sr,P,13,13,0.0,2.25,16.0,14,5.0,4.0,9,14.0,0.0,69,56,2.0,1.0,0.0,0.0,2.0,2.0,0.0,11.0,3.0,1.0,0.0,135.0,17.0,12.0,1.0,0.0,0.0,6.0,http://stats.ncaa.org/player/index?game_sport_year_ctl_id=12560&stats_player_seq=1779083,3.861,4.174,1.438
26,1652420,"Lannoo, Peter",39,2016,Jr,P,10,10,7.0,5.15,43.66000000000001,54,28.0,25.0,12,25.0,0.0,196,176,13.0,1.0,0.0,1.0,6.0,6.0,0.0,4.0,1.0,0.0,2.0,71.0,58.0,38.0,3.0,3.0,1.0,7.0,http://stats.ncaa.org/player/index?game_sport_year_ctl_id=12360&stats_player_seq=1652420,3.822,4.211,1.512
35,1884391,"Horton, Matt",37,2017,Sr,P,13,13,0.0,4.85,13.0,12,7.0,7.0,10,14.0,0.0,61,50,5.0,0.0,0.0,0.0,1.0,1.0,0.0,8.0,0.0,0.0,0.0,107.0,8.0,16.0,2.0,1.0,0.0,1.0,http://stats.ncaa.org/player/index?game_sport_year_ctl_id=12560&stats_player_seq=1884391,3.861,4.246,1.692
69,2111716,"Cushing, Kevin",8,2019,Fr,P,11,11,0.0,4.5,12.0,15,6.0,6.0,6,7.0,0.0,52,45,1.0,1.0,0.0,0.0,2.0,0.0,0.0,6.0,2.0,0.0,1.0,171.0,11.0,13.0,0.0,0.0,0.0,4.0,http://stats.ncaa.org/player/index?game_sport_year_ctl_id=14781&stats_player_seq=2111716,3.951,4.284,1.75
17,1779083,"Flynn, Jamie",23,2016,Jr,P,15,15,0.0,6.5,18.0,20,15.0,13.0,8,23.0,0.0,89,74,3.0,2.0,0.0,1.0,7.0,6.0,1.0,15.0,4.0,0.0,1.0,74.0,16.0,13.0,0.0,0.0,0.0,5.0,http://stats.ncaa.org/player/index?game_sport_year_ctl_id=12360&stats_player_seq=1779083,3.822,4.322,1.556
40,1652395,"Lewis, Justin",26,2017,Jr,P,9,9,8.0,5.32,45.66000000000001,49,32.0,27.0,14,45.0,1.0,209,183,10.0,1.0,0.0,4.0,1.0,6.0,0.0,0.0,0.0,4.0,2.0,297.0,56.0,33.0,3.0,2.0,0.0,11.0,http://stats.ncaa.org/player/index?game_sport_year_ctl_id=12560&stats_player_seq=1652395,3.861,4.343,1.38
4,1324535,"Busto, Nick",32,2015,Sr,P,11,11,6.0,6.27,33.0,38,24.0,23.0,11,26.0,0.0,148,129,8.0,0.0,0.0,2.0,3.0,5.0,0.0,2.0,2.0,3.0,0.0,115.0,42.0,24.0,1.0,4.0,1.0,7.0,http://stats.ncaa.org/player/index?game_sport_year_ctl_id=12080&stats_player_seq=1324535,3.733,4.4,1.485
48,1997332,"Ellison, Andrew",40,2018,So,P,16,16,0.0,2.02,26.659999999999997,19,9.0,6.0,14,26.0,0.0,115,94,3.0,0.0,0.0,1.0,2.0,4.0,0.0,11.0,1.0,3.0,0.0,102.0,22.0,28.0,2.0,5.0,3.0,10.0,http://stats.ncaa.org/player/index?game_sport_year_ctl_id=12973&stats_player_seq=1997332,3.841,4.404,1.238
67,1884389,"Wyatt, Colby",31,2019,Jr,P,13,13,10.0,3.68,63.66000000000001,73,36.0,26.0,18,35.0,0.0,282,252,18.0,1.0,1.0,3.0,4.0,5.0,0.0,1.0,0.0,5.0,2.0,586.0,67.0,75.0,3.0,6.0,0.0,9.0,http://stats.ncaa.org/player/index?game_sport_year_ctl_id=14781&stats_player_seq=1884389,3.951,4.548,1.429
72,1997324,"Urbon, Seth",20,2019,Jr,P,7,7,7.0,8.1,33.330000000000005,48,35.0,30.0,6,29.0,0.0,157,146,11.0,2.0,0.0,4.0,1.0,3.0,0.0,0.0,0.0,1.0,1.0,412.0,23.0,46.0,0.0,6.0,0.0,11.0,http://stats.ncaa.org/player/index?game_sport_year_ctl_id=14781&stats_player_seq=1997324,3.951,4.581,1.62
60,1997325,"Binnie, Nicholas",8,2018,Fr,P,2,2,0.0,20.25,1.3300000000000003,2,3.0,3.0,0,1.0,0.0,7,6,1.0,0.0,0.0,0.0,1.0,1.0,0.0,2.0,0.0,0.0,0.0,19.0,0.0,3.0,1.0,0.0,0.0,1.0,http://stats.ncaa.org/player/index?game_sport_year_ctl_id=12973&stats_player_seq=1997325,3.841,4.593,1.504
2,1546998,"Balestrieri, Paul",20,2015,So,P,15,15,3.0,4.43,40.66000000000001,53,25.0,20.0,10,31.0,0.0,184,167,10.0,1.0,0.0,4.0,4.0,5.0,1.0,10.0,5.0,0.0,1.0,188.0,51.0,31.0,1.0,0.0,4.0,11.0,http://stats.ncaa.org/player/index?game_sport_year_ctl_id=12080&stats_player_seq=1546998,3.733,4.594,1.549
68,1884390,"Bemiss, Jeb",22,2019,Jr,P,12,12,6.0,5.83,46.330000000000005,55,32.0,30.0,7,39.0,0.0,201,189,12.0,1.0,0.0,6.0,2.0,3.0,0.0,5.0,4.0,2.0,0.0,376.0,50.0,46.0,2.0,3.0,0.0,9.0,http://stats.ncaa.org/player/index?game_sport_year_ctl_id=14781&stats_player_seq=1884390,3.951,4.599,1.338
83,1997332,"Ellison, Andrew",40,2020,Sr,P,3,3,0.0,0.0,2.6600000000000006,2,0.0,0.0,1,2.0,0.0,11,9,1.0,0.0,0.0,0.0,0.0,1.0,0.0,2.0,1.0,0.0,0.0,33.0,2.0,3.0,0.0,0.0,0.0,1.0,http://stats.ncaa.org/player/index?game_sport_year_ctl_id=15204&org_id=167&stats_player_seq=1997332,3.909,4.661,1.128
50,1884390,"Bemiss, Jeb",22,2018,So,P,15,15,2.0,6.16,30.659999999999997,39,26.0,21.0,12,26.0,0.0,144,131,9.0,2.0,0.0,3.0,4.0,1.0,0.0,16.0,7.0,0.0,0.0,253.0,33.0,29.0,2.0,2.0,1.0,10.0,http://stats.ncaa.org/player/index?game_sport_year_ctl_id=12973&stats_player_seq=1884390,3.841,4.689,1.663
10,1547001,"Brewer, Ray",37,2015,So,P,5,5,0.0,2.19,12.329999999999998,16,8.0,3.0,3,11.0,0.0,57,49,1.0,0.0,0.0,1.0,3.0,4.0,0.0,4.0,3.0,1.0,0.0,79.0,12.0,9.0,1.0,0.0,0.0,4.0,http://stats.ncaa.org/player/index?game_sport_year_ctl_id=12080&stats_player_seq=1547001,3.733,4.706,1.541
21,1439152,"Byrne, Michael",28,2016,Sr,P,12,12,5.0,4.0,36.0,30,18.0,16.0,26,28.0,0.0,163,129,8.0,0.0,0.0,0.0,6.0,4.0,0.0,7.0,4.0,3.0,1.0,115.0,42.0,27.0,4.0,2.0,0.0,8.0,http://stats.ncaa.org/player/index?game_sport_year_ctl_id=12360&stats_player_seq=1439152,3.822,4.766,1.556
22,1546996,"Smith, Jamie",3,2016,Jr,OF,12,7,0.0,7.36,7.329999999999999,9,6.0,6.0,6,7.0,0.0,39,32,5.0,0.0,0.0,0.0,2.0,1.0,0.0,12.0,4.0,0.0,0.0,0.0,2.0,13.0,0.0,0.0,0.0,3.0,http://stats.ncaa.org/player/index?game_sport_year_ctl_id=12360&stats_player_seq=1546996,3.822,4.777,2.046
20,1547000,"Willittes, Tim",29,2016,Jr,P,13,13,9.0,7.46,44.66000000000001,61,40.0,37.0,16,40.0,0.0,215,186,16.0,5.0,0.0,4.0,8.0,8.0,0.0,2.0,2.0,2.0,3.0,198.0,32.0,55.0,2.0,5.0,1.0,12.0,http://stats.ncaa.org/player/index?game_sport_year_ctl_id=12360&stats_player_seq=1547000,3.822,4.807,1.724
49,1783016,"Wahl, Austin",11,2018,Sr,P,16,16,1.0,2.61,20.659999999999997,15,8.0,6.0,16,18.0,0.0,97,76,3.0,1.0,2.0,0.0,7.0,3.0,0.0,12.0,2.0,1.0,1.0,142.0,21.0,20.0,2.0,0.0,0.0,10.0,http://stats.ncaa.org/player/index?game_sport_year_ctl_id=12973&stats_player_seq=1783016,3.841,4.857,1.5
46,1884387,"Cintron, Nick",28,2017,Fr,P,1,1,0.0,0.0,1.0,0,0.0,0.0,0,1.0,0.0,4,3,0.0,0.0,0.0,0.0,0.0,1.0,0.0,0.0,0.0,0.0,0.0,0.0,1.0,1.0,0.0,0.0,0.0,0.0,http://stats.ncaa.org/player/index?game_sport_year_ctl_id=12560&stats_player_seq=1884387,3.861,4.861,0.0
18,1652395,"Lewis, Justin",26,2016,So,P,14,14,4.0,3.63,39.66000000000001,45,17.0,16.0,21,29.0,0.0,181,155,7.0,2.0,0.0,2.0,6.0,4.0,0.0,9.0,1.0,0.0,0.0,54.0,55.0,25.0,2.0,1.0,3.0,9.0,http://stats.ncaa.org/player/index?game_sport_year_ctl_id=12360&stats_player_seq=1652395,3.822,4.906,1.664
82,2111716,"Cushing, Kevin",33,2020,So,P,3,3,0.0,7.94,5.66,7,6.0,5.0,3,8.0,0.0,26,23,2.0,0.0,0.0,1.0,1.0,0.0,0.0,2.0,0.0,0.0,0.0,69.0,3.0,5.0,0.0,0.0,0.0,3.0,http://stats.ncaa.org/player/index?game_sport_year_ctl_id=15204&org_id=167&stats_player_seq=2111716,3.909,4.969,1.767
76,1997345,"Davis, Trevor Daniel",26,2020,Jr,P,3,3,0.0,1.93,4.66,2,2.0,1.0,4,8.0,0.0,24,17,0.0,0.0,0.0,0.0,4.0,3.0,0.0,5.0,2.0,0.0,0.0,48.0,3.0,3.0,0.0,0.0,0.0,3.0,http://stats.ncaa.org/player/index?game_sport_year_ctl_id=15204&org_id=167&stats_player_seq=1997345,3.909,4.982,1.288
52,1997324,"Urbon, Seth",20,2018,So,P,12,12,10.0,5.37,65.32999999999998,78,44.0,39.0,15,39.0,0.0,292,264,19.0,3.0,0.0,7.0,3.0,6.0,0.0,1.0,1.0,5.0,2.0,239.0,72.0,76.0,2.0,2.0,0.0,12.0,http://stats.ncaa.org/player/index?game_sport_year_ctl_id=12973&stats_player_seq=1997324,3.841,5.004,1.424
42,1884404,"Morris, Tommy",34,2017,Sr,P,5,5,5.0,4.28,27.330000000000005,28,13.0,13.0,10,10.0,0.0,115,102,6.0,0.0,0.0,2.0,2.0,0.0,0.0,0.0,0.0,2.0,1.0,153.0,36.0,31.0,2.0,2.0,0.0,0.0,http://stats.ncaa.org/player/index?game_sport_year_ctl_id=12560&stats_player_seq=1884404,3.861,5.178,1.39
36,1884378,"Natoli, John",4,2017,Fr,P,11,11,0.0,6.0,9.0,12,6.0,6.0,2,5.0,0.0,41,37,3.0,0.0,0.0,1.0,1.0,1.0,0.0,5.0,1.0,0.0,1.0,81.0,12.0,9.0,0.0,0.0,1.0,1.0,http://stats.ncaa.org/player/index?game_sport_year_ctl_id=12560&stats_player_seq=1884378,3.861,5.194,1.556
11,1652392,"McCulley, Zach",26,2015,Sr,P,4,4,2.0,7.3,12.329999999999998,17,10.0,10.0,4,11.0,0.0,57,51,7.0,0.0,0.0,2.0,1.0,1.0,0.0,1.0,0.0,1.0,0.0,134.0,7.0,17.0,0.0,1.0,0.0,6.0,http://stats.ncaa.org/player/index?game_sport_year_ctl_id=12080&stats_player_seq=1652392,3.733,5.274,1.703
38,1547000,"Willittes, Tim",29,2017,Sr,P,10,10,9.0,6.12,50.0,64,40.0,34.0,18,34.0,0.0,233,208,12.0,0.0,2.0,7.0,3.0,2.0,0.0,0.0,0.0,3.0,2.0,481.0,61.0,51.0,4.0,3.0,0.0,15.0,http://stats.ncaa.org/player/index?game_sport_year_ctl_id=12560&stats_player_seq=1547000,3.861,5.521,1.64
23,1779079,"Saks, Adam",13,2016,Fr,P,11,11,0.0,9.45,13.329999999999998,16,16.0,14.0,7,10.0,0.0,66,55,4.0,0.0,0.0,1.0,2.0,3.0,0.0,4.0,2.0,0.0,1.0,40.0,12.0,15.0,0.0,0.0,0.0,4.0,http://stats.ncaa.org/player/index?game_sport_year_ctl_id=12360&stats_player_seq=1779079,3.822,5.547,1.725
70,1997332,"Ellison, Andrew",40,2019,Jr,P,11,11,2.0,2.39,26.330000000000005,18,7.0,7.0,17,17.0,0.0,117,94,4.0,0.0,2.0,1.0,4.0,5.0,0.0,6.0,1.0,1.0,0.0,205.0,19.0,41.0,0.0,0.0,1.0,3.0,http://stats.ncaa.org/player/index?game_sport_year_ctl_id=14781&stats_player_seq=1997332,3.951,5.66,1.329
19,1546994,"Soltis, Scott",7,2016,Jr,P,13,13,2.0,8.35,18.330000000000005,26,20.0,17.0,2,7.0,0.0,86,81,5.0,0.0,0.0,3.0,3.0,1.0,0.0,14.0,8.0,1.0,1.0,99.0,29.0,17.0,0.0,5.0,0.0,2.0,http://stats.ncaa.org/player/index?game_sport_year_ctl_id=12360&stats_player_seq=1546994,3.822,5.677,1.528
64,1997345,"Davis, Trevor Daniel",26,2019,So,P,14,14,0.0,4.96,16.330000000000005,20,19.0,9.0,10,18.0,0.0,85,68,3.0,1.0,0.0,2.0,5.0,3.0,1.0,10.0,5.0,2.0,2.0,161.0,14.0,15.0,1.0,0.0,0.0,6.0,http://stats.ncaa.org/player/index?game_sport_year_ctl_id=14781&stats_player_seq=1997345,3.951,5.727,1.837
7,1652395,"Lewis, Justin",16,2015,Fr,P,8,8,0.0,12.6,15.0,23,21.0,21.0,10,10.0,0.0,79,64,3.0,2.0,0.0,1.0,2.0,3.0,0.0,5.0,1.0,1.0,1.0,53.0,15.0,17.0,0.0,1.0,0.0,3.0,http://stats.ncaa.org/player/index?game_sport_year_ctl_id=12080&stats_player_seq=1652395,3.733,5.866,2.2
51,1779079,"Saks, Adam",13,2018,Jr,P,13,13,3.0,4.8,15.0,17,12.0,8.0,11,12.0,0.0,74,58,2.0,0.0,0.0,1.0,1.0,3.0,0.0,11.0,8.0,1.0,1.0,178.0,24.0,7.0,1.0,0.0,0.0,4.0,http://stats.ncaa.org/player/index?game_sport_year_ctl_id=12973&stats_player_seq=1779079,3.841,5.908,1.867
37,1546994,"Soltis, Scott",7,2017,Sr,P,10,10,4.0,4.88,27.659999999999997,30,18.0,15.0,10,13.0,0.0,124,110,5.0,1.0,0.0,4.0,0.0,2.0,0.0,6.0,3.0,1.0,1.0,170.0,23.0,43.0,3.0,1.0,0.0,6.0,http://stats.ncaa.org/player/index?game_sport_year_ctl_id=12560&stats_player_seq=1546994,3.861,6.103,1.446
66,2111724,"Yacinich, Luke",12,2019,Fr,P,13,13,4.0,8.07,32.330000000000005,46,33.0,29.0,20,18.0,0.0,161,136,6.0,2.0,1.0,3.0,0.0,3.0,1.0,3.0,0.0,2.0,0.0,268.0,33.0,39.0,2.0,4.0,0.0,5.0,http://stats.ncaa.org/player/index?game_sport_year_ctl_id=14781&stats_player_seq=2111724,3.951,6.178,2.041
55,1652394,"Fernandez, Tyler",23,2018,Sr,P,9,9,5.0,9.93,22.659999999999997,36,33.0,25.0,23,17.0,0.0,128,96,4.0,2.0,0.0,1.0,9.0,2.0,0.0,2.0,2.0,2.0,5.0,280.0,23.0,21.0,0.0,4.0,0.0,2.0,http://stats.ncaa.org/player/index?game_sport_year_ctl_id=12973&stats_player_seq=1652394,3.841,6.224,2.604
78,1884389,"Wyatt, Colby",31,2020,Sr,P,3,3,3.0,5.65,14.329999999999998,18,17.0,9.0,6,14.0,0.0,70,61,3.0,1.0,0.0,3.0,0.0,2.0,0.0,0.0,0.0,0.0,1.0,172.0,11.0,16.0,0.0,3.0,0.0,3.0,http://stats.ncaa.org/player/index?game_sport_year_ctl_id=15204&org_id=167&stats_player_seq=1884389,3.909,6.351,1.675
43,1779079,"Saks, Adam",13,2017,So,P,3,3,0.0,0.0,2.33,1,0.0,0.0,3,3.0,0.0,12,8,1.0,0.0,0.0,0.0,0.0,1.0,0.0,0.0,0.0,0.0,0.0,35.0,3.0,1.0,0.0,0.0,0.0,2.0,http://stats.ncaa.org/player/index?game_sport_year_ctl_id=12560&stats_player_seq=1779079,3.861,6.436,1.717
27,1783016,"Wahl, Austin",11,2016,Jr,P,8,8,1.0,5.27,13.659999999999998,11,9.0,8.0,11,6.0,0.0,69,49,5.0,0.0,1.0,0.0,2.0,5.0,0.0,3.0,1.0,3.0,0.0,98.0,16.0,18.0,0.0,1.0,1.0,0.0,http://stats.ncaa.org/player/index?game_sport_year_ctl_id=12360&stats_player_seq=1783016,3.822,6.457,1.611
79,2347211,"Edwards, Spencer",28,2020,Fr,P,3,3,3.0,9.0,10.0,9,13.0,10.0,11,13.0,0.0,52,35,2.0,1.0,0.0,1.0,3.0,3.0,0.0,0.0,0.0,1.0,2.0,153.0,4.0,11.0,0.0,3.0,0.0,3.0,http://stats.ncaa.org/player/index?game_sport_year_ctl_id=15204&org_id=167&stats_player_seq=2347211,3.909,6.809,2.0
54,1884404,"Morris, Tommy",9,2018,Sr,P,9,9,5.0,4.46,36.330000000000005,35,21.0,18.0,12,9.0,0.0,164,134,5.0,2.0,0.0,5.0,3.0,14.0,0.0,0.0,0.0,2.0,2.0,74.0,46.0,44.0,0.0,3.0,0.0,2.0,http://stats.ncaa.org/player/index?game_sport_year_ctl_id=12973&stats_player_seq=1884404,3.841,7.282,1.294
75,2111755,"Zacharias, Jon",32,2020,So,P,3,3,0.0,6.75,6.66,8,9.0,5.0,5,4.0,0.0,36,29,2.0,0.0,0.0,1.0,1.0,1.0,0.0,4.0,2.0,0.0,1.0,66.0,5.0,11.0,0.0,0.0,0.0,0.0,http://stats.ncaa.org/player/index?game_sport_year_ctl_id=15204&org_id=167&stats_player_seq=2111755,3.909,7.362,1.952
34,1884390,"Bemiss, Jeb",32,2017,Fr,P,13,13,0.0,4.76,22.659999999999997,29,14.0,12.0,12,12.0,0.0,107,90,9.0,1.0,0.0,5.0,0.0,1.0,1.0,5.0,2.0,2.0,2.0,291.0,19.0,33.0,1.0,2.0,1.0,6.0,http://stats.ncaa.org/player/index?game_sport_year_ctl_id=12560&stats_player_seq=1884390,3.861,7.391,1.809
9,1324534,"Suppa, Roberto",33,2015,Sr,P,5,5,1.0,14.4,10.0,20,18.0,16.0,14,12.0,0.0,65,49,4.0,1.0,0.0,1.0,3.0,2.0,0.0,0.0,0.0,0.0,0.0,43.0,12.0,5.0,0.0,1.0,0.0,5.0,http://stats.ncaa.org/player/index?game_sport_year_ctl_id=12080&stats_player_seq=1324534,3.733,7.433,3.4
73,2111734,"Gilbert, William",27,2019,Fr,P,2,2,0.0,5.4,1.6599999999999997,1,1.0,1.0,4,3.0,0.0,9,5,0.0,0.0,0.0,0.0,0.0,0.0,0.0,1.0,0.0,0.0,0.0,25.0,1.0,0.0,0.0,0.0,0.0,1.0,http://stats.ncaa.org/player/index?game_sport_year_ctl_id=14781&stats_player_seq=2111734,3.951,7.565,3.012
77,1997324,"Urbon, Seth",20,2020,Sr,P,3,3,0.0,6.43,7.0,9,6.0,5.0,5,7.0,0.0,35,29,2.0,0.0,0.0,2.0,0.0,0.0,0.0,2.0,2.0,0.0,1.0,119.0,6.0,8.0,0.0,2.0,1.0,1.0,http://stats.ncaa.org/player/index?game_sport_year_ctl_id=15204&org_id=167&stats_player_seq=1997324,3.909,7.766,2.0
81,2111724,"Yacinich, Luke",12,2020,So,P,3,3,0.0,4.7,7.66,7,5.0,4.0,11,7.0,0.0,41,29,1.0,0.0,0.0,1.0,2.0,0.0,0.0,4.0,3.0,1.0,0.0,104.0,6.0,9.0,0.0,0.0,0.0,5.0,http://stats.ncaa.org/player/index?game_sport_year_ctl_id=15204&org_id=167&stats_player_seq=2111724,3.909,8.087,2.35
0,1652396,"Wickham, Dale",19,2015,Fr,INF,26,1,0.0,13.5,0.66,3,1.0,1.0,1,0.0,0.0,5,4,0.0,0.0,0.0,0.0,0.0,0.0,0.0,3.0,3.0,0.0,0.0,0.0,0.0,1.0,0.0,0.0,0.0,0.0,http://stats.ncaa.org/player/index?game_sport_year_ctl_id=12080&stats_player_seq=1652396,3.733,8.278,6.061
25,1546997,"Veenema, Ryne",12,2016,Jr,P,10,10,0.0,13.5,4.0,9,6.0,6.0,5,3.0,0.0,28,19,2.0,2.0,0.0,0.0,2.0,3.0,0.0,9.0,5.0,0.0,1.0,8.0,2.0,6.0,0.0,0.0,0.0,2.0,http://stats.ncaa.org/player/index?game_sport_year_ctl_id=12360&stats_player_seq=1546997,3.822,8.322,3.5
56,1778328,"McMenamy, Owen",7,2018,Jr,P,5,5,0.0,18.9,3.33,8,8.0,7.0,6,3.0,0.0,25,18,2.0,0.0,0.0,0.0,2.0,1.0,0.0,0.0,0.0,0.0,0.0,0.0,5.0,2.0,0.0,0.0,0.0,1.0,http://stats.ncaa.org/player/index?game_sport_year_ctl_id=12973&stats_player_seq=1778328,3.841,8.346,4.204
71,1779080,"Arnold, Austin",16,2019,Sr,P,8,8,0.0,3.18,5.66,5,2.0,2.0,3,3.0,0.0,27,20,1.0,0.0,0.0,1.0,1.0,3.0,0.0,3.0,1.0,0.0,1.0,66.0,5.0,8.0,0.0,0.0,0.0,0.0,http://stats.ncaa.org/player/index?game_sport_year_ctl_id=14781&stats_player_seq=1779080,3.951,8.368,1.413
28,1779080,"Arnold, Austin",16,2016,Fr,P,8,8,0.0,2.08,4.329999999999999,5,1.0,1.0,5,3.0,0.0,23,16,0.0,0.0,0.0,1.0,0.0,0.0,0.0,11.0,5.0,0.0,2.0,9.0,1.0,9.0,0.0,0.0,0.0,1.0,http://stats.ncaa.org/player/index?game_sport_year_ctl_id=12360&stats_player_seq=1779080,3.822,8.903,2.309
41,1884389,"Wyatt, Colby",31,2017,Fr,P,8,8,2.0,13.0,9.0,14,15.0,13.0,4,7.0,0.0,48,40,4.0,0.0,0.0,3.0,1.0,3.0,0.0,5.0,3.0,0.0,0.0,127.0,9.0,11.0,0.0,2.0,0.0,2.0,http://stats.ncaa.org/player/index?game_sport_year_ctl_id=12560&stats_player_seq=1884389,3.861,8.972,2.0
29,1652421,"Le Dorze, Pierre",40,2016,So,OF,5,4,0.0,36.0,1.0,5,4.0,4.0,1,0.0,0.0,10,8,1.0,0.0,0.0,0.0,0.0,1.0,0.0,2.0,2.0,0.0,0.0,6.0,1.0,2.0,0.0,0.0,0.0,0.0,http://stats.ncaa.org/player/index?game_sport_year_ctl_id=12360&stats_player_seq=1652421,3.822,9.822,6.0
44,1779082,"Pannullo, Rob",20,2017,Sr,P,2,2,0.0,0.0,0.66,0,0.0,0.0,2,1.0,0.0,4,2,0.0,0.0,0.0,0.0,0.0,0.0,0.0,3.0,2.0,0.0,0.0,0.0,1.0,0.0,0.0,0.0,0.0,0.0,http://stats.ncaa.org/player/index?game_sport_year_ctl_id=12560&stats_player_seq=1779082,3.861,9.922,3.03
15,1439148,"Lowell, Eliot",5,2016,Sr,INF,30,3,0.0,16.88,2.6600000000000006,4,5.0,5.0,2,2.0,0.0,14,11,1.0,0.0,0.0,1.0,1.0,1.0,0.0,3.0,0.0,0.0,0.0,43.0,3.0,2.0,0.0,0.0,0.0,0.0,http://stats.ncaa.org/player/index?game_sport_year_ctl_id=12360&stats_player_seq=1439148,3.822,10.589,2.256
13,1439149,"Horton, Matt",21,2015,Jr,P,3,3,0.0,27.0,1.0,4,5.0,3.0,2,1.0,0.0,11,6,0.0,0.0,0.0,0.0,0.0,1.0,1.0,3.0,2.0,1.0,0.0,15.0,0.0,1.0,0.0,2.0,0.0,0.0,http://stats.ncaa.org/player/index?game_sport_year_ctl_id=12080&stats_player_seq=1439149,3.733,10.733,6.0
12,1546997,"Veenema, Ryne",12,2015,So,P,3,3,0.0,18.0,5.0,9,10.0,10.0,4,2.0,0.0,30,20,2.0,0.0,0.0,1.0,1.0,5.0,0.0,5.0,0.0,0.0,1.0,0.0,9.0,1.0,0.0,0.0,0.0,0.0,http://stats.ncaa.org/player/index?game_sport_year_ctl_id=12080&stats_player_seq=1546997,3.733,10.933,2.6
1,1439148,"Lowell, Eliot",5,2015,Jr,INF,20,1,0.0,27.0,2.0,4,6.0,6.0,2,1.0,0.0,14,11,1.0,0.0,0.0,1.0,0.0,1.0,0.0,0.0,0.0,0.0,0.0,0.0,3.0,2.0,0.0,0.0,0.0,0.0,http://stats.ncaa.org/player/index?game_sport_year_ctl_id=12080&stats_player_seq=1439148,3.733,13.733,3.0
14,1546994,"Soltis, Scott",7,2015,So,P,1,1,0.0,54.0,0.66,1,4.0,4.0,3,1.0,0.0,6,3,1.0,0.0,0.0,0.0,2.0,0.0,0.0,0.0,0.0,0.0,0.0,25.0,0.0,1.0,0.0,1.0,0.0,0.0,http://stats.ncaa.org/player/index?game_sport_year_ctl_id=12080&stats_player_seq=1546994,3.733,14.339,6.061
16,1779081,"Morris, Parker",34,2016,Fr,OF,20,2,0.0,13.5,0.66,2,1.0,1.0,4,1.0,0.0,8,4,0.0,0.0,0.0,0.0,3.0,0.0,0.0,1.0,0.0,0.0,0.0,27.0,0.0,1.0,0.0,0.0,0.0,0.0,http://stats.ncaa.org/player/index?game_sport_year_ctl_id=12360&stats_player_seq=1779081,3.822,18.974,9.091
31,1439154,"McGee, Collin",31,2016,Sr,P,4,4,1.0,32.4,1.6599999999999997,6,7.0,6.0,7,2.0,0.0,21,11,1.0,1.0,0.0,0.0,1.0,3.0,0.0,6.0,6.0,0.0,0.0,50.0,1.0,2.0,0.0,1.0,0.0,0.0,http://stats.ncaa.org/player/index?game_sport_year_ctl_id=12360&stats_player_seq=1439154,3.822,19.485,7.831
